Receiving GPS point for DB variable 8001
writing output to stdout
15:46:37.325 15:46:37.326  GPGGA 224653.000 3752.2341000 -12218.3108000 1 18 0.00 -2.56 0.00 0.000 15 
15:46:38.315 15:46:38.315  GPGGA 224654.000 3752.2257000 -12218.3083000 1 18 0.00 -3.14 0.00 0.000 11 
15:46:39.308 15:46:39.308  GPGGA 224655.000 3752.2173000 -12218.3057000 1 18 0.00 -3.10 0.00 0.000 18 
15:46:40.317 15:46:40.317  GPGGA 224656.000 3752.2092000 -12218.3032000 1 18 0.00 -2.67 0.00 0.000 17 
15:46:41.312 15:46:41.312  GPGGA 224657.000 3752.2013000 -12218.3008000 1 18 0.00 -2.01 0.00 0.000 16 
15:46:42.312 15:46:42.312  GPGGA 224658.000 3752.1938000 -12218.2985000 1 18 0.00 -1.36 0.00 0.000 10 
15:46:43.310 15:46:43.310  GPGGA 224659.000 3752.1861000 -12218.2961000 1 18 0.00 -1.31 0.00 0.000 11 
15:46:44.315 15:46:44.315  GPGGA 224700.000 3752.1782000 -12218.2936000 1 17 0.00 -1.41 0.00 0.000 14 
15:46:45.312 15:46:45.312  GPGGA 224701.000 3752.1700000 -12218.2911000 1 18 0.00 -1.71 0.00 0.000 16 
15:46:46.325 15:46:46.325  GPGGA 224702.000 3752.1616000 -12218.2885000 1 18 0.00 -1.91 0.00 0.000 11 
15:46:47.316 15:46:47.316  GPGGA 224703.000 3752.1532000 -12218.2859000 1 18 0.00 -1.71 0.00 0.000 1 
15:46:48.338 15:46:48.339  GPGGA 224704.000 3752.1447000 -12218.2832000 1 18 0.00 -1.79 0.00 0.000 1 
15:46:49.320 15:46:49.320  GPGGA 224705.000 3752.1362000 -12218.2805000 1 18 0.00 -1.67 0.00 0.000 11 
15:46:50.317 15:46:50.317  GPGGA 224706.000 3752.1280000 -12218.2779000 1 18 0.00 -0.99 0.00 0.000 1 
15:46:51.315 15:46:51.315  GPGGA 224707.000 3752.1203000 -12218.2754000 1 18 0.00 -0.10 0.00 0.000 1 
15:46:52.332 15:46:52.332  GPGGA 224708.000 3752.1129000 -12218.2730000 1 18 0.00 0.62 0.00 0.000 31 
15:46:53.327 15:46:53.327  GPGGA 224709.000 3752.1059000 -12218.2708000 1 18 0.00 1.21 0.00 0.000 3 
15:46:54.313 15:46:54.313  GPGGA 224710.000 3752.0986000 -12218.2686000 1 18 0.00 1.01 0.00 0.000 3 
15:46:55.317 15:46:55.317  GPGGA 224711.000 3752.0912000 -12218.2662000 1 18 0.00 0.85 0.00 0.000 37 
15:46:56.320 15:46:56.320  GPGGA 224712.000 3752.0836000 -12218.2638000 1 18 0.00 0.70 0.00 0.000 36 
15:46:57.320 15:46:57.320  GPGGA 224713.000 3752.0761000 -12218.2614000 1 17 0.00 1.12 0.00 0.000 3 
15:46:58.321 15:46:58.321  GPGGA 224714.000 3752.0690000 -12218.2591000 1 17 0.00 1.55 0.00 0.000 3 
15:46:59.319 15:46:59.319  GPGGA 224715.000 3752.0619000 -12218.2568000 1 17 0.00 2.01 0.00 0.000 3 
15:47:00.321 15:47:00.321  GPGGA 224716.000 3752.0554000 -12218.2546000 1 18 0.00 2.70 0.00 0.000 33 
15:47:01.319 15:47:01.320  GPGGA 224717.000 3752.0488000 -12218.2525000 1 18 0.00 2.98 0.00 0.000 31 
15:47:02.319 15:47:02.319  GPGGA 224718.000 3752.0424000 -12218.2504000 1 18 0.00 3.20 0.00 0.000 39 
15:47:03.323 15:47:03.323  GPGGA 224719.000 3752.0360000 -12218.2483000 1 17 0.00 3.26 0.00 0.000 38 
15:47:04.319 15:47:04.319  GPGGA 224720.000 3752.0294000 -12218.2460000 1 17 0.00 3.04 0.00 0.000 35 
15:47:05.322 15:47:05.322  GPGGA 224721.000 3752.0226000 -12218.2437000 1 18 0.00 2.55 0.00 0.000 35 
15:47:06.323 15:47:06.323  GPGGA 224722.000 3752.0154000 -12218.2413000 1 18 0.00 2.12 0.00 0.000 35 
15:47:07.320 15:47:07.320  GPGGA 224723.000 3752.0084000 -12218.2391000 1 18 0.00 2.39 0.00 0.000 3 
15:47:08.336 15:47:08.336  GPGGA 224724.000 3752.0015000 -12218.2369000 1 15 0.00 2.52 0.00 0.000 34 
15:47:09.338 15:47:09.338  GPGGA 224725.000 3751.9940000 -12218.2345000 1 12 0.00 2.12 0.00 0.000 3 
15:47:10.339 15:47:10.339  GPGGA 224726.000 3751.9868000 -12218.2322000 1 12 0.00 2.12 0.00 0.000 32 
15:47:11.320 15:47:11.320  GPGGA 224727.000 3751.9798000 -12218.2300000 1 16 0.00 2.66 0.00 0.000 34 
15:47:12.314 15:47:12.314  GPGGA 224728.000 3751.9731000 -12218.2279000 1 16 0.00 3.24 0.00 0.000 30 
15:47:13.319 15:47:13.319  GPGGA 224729.000 3751.9669000 -12218.2260000 1 16 0.00 3.76 0.00 0.000 32 
15:47:14.314 15:47:14.314  GPGGA 224730.000 3751.9606000 -12218.2242000 1 17 0.00 4.00 0.00 0.000 34 
15:47:15.323 15:47:15.323  GPGGA 224731.000 3751.9543000 -12218.2223000 1 17 0.00 4.04 0.00 0.000 34 
15:47:16.320 15:47:16.320  GPGGA 224732.000 3751.9479000 -12218.2205000 1 18 0.00 3.74 0.00 0.000 34 
15:47:17.316 15:47:17.316  GPGGA 224733.000 3751.9411000 -12218.2186000 1 18 0.00 2.99 0.00 0.000 31 
15:47:18.319 15:47:18.319  GPGGA 224734.000 3751.9343000 -12218.2167000 1 18 0.00 2.54 0.00 0.000 38 
15:47:19.317 15:47:19.317  GPGGA 224735.000 3751.9274000 -12218.2148000 1 17 0.00 2.42 0.00 0.000 39 
15:47:20.320 15:47:20.320  GPGGA 224736.000 3751.9206000 -12218.2130000 1 18 0.00 2.53 0.00 0.000 3 
15:47:21.340 15:47:21.340  GPGGA 224737.000 3751.9139000 -12218.2111000 1 18 0.00 2.79 0.00 0.000 3 
15:47:22.322 15:47:22.322  GPGGA 224738.000 3751.9074000 -12218.2092000 1 18 0.00 3.15 0.00 0.000 3 
15:47:23.319 15:47:23.319  GPGGA 224739.000 3751.9010000 -12218.2074000 1 18 0.00 3.45 0.00 0.000 32 
15:47:24.325 15:47:24.325  GPGGA 224740.000 3751.8949000 -12218.2056000 1 18 0.00 4.04 0.00 0.000 3 
15:47:25.328 15:47:25.328  GPGGA 224741.000 3751.8893000 -12218.2040000 1 18 0.00 4.80 0.00 0.000 36 
15:47:26.315 15:47:26.315  GPGGA 224742.000 3751.8839000 -12218.2025000 1 18 0.00 5.42 0.00 0.000 39 
15:47:27.320 15:47:27.320  GPGGA 224743.000 3751.8787000 -12218.2010000 1 16 0.00 5.74 0.00 0.000 3 
15:47:28.322 15:47:28.322  GPGGA 224744.000 3751.8734000 -12218.1996000 1 16 0.00 5.65 0.00 0.000 34 
15:47:29.314 15:47:29.314  GPGGA 224745.000 3751.8681000 -12218.1980000 1 15 0.00 5.60 0.00 0.000 3 
15:47:30.323 15:47:30.323  GPGGA 224746.000 3751.8626000 -12218.1966000 1 14 0.00 5.38 0.00 0.000 31 
15:47:31.312 15:47:31.312  GPGGA 224747.000 3751.8570000 -12218.1951000 1 13 0.00 5.45 0.00 0.000 39 
15:47:32.316 15:47:32.316  GPGGA 224748.000 3751.8515000 -12218.1935000 1 11 0.00 5.61 0.00 0.000 33 
15:47:33.321 15:47:33.321  GPGGA 224749.000 3751.8460000 -12218.1920000 1 13 0.00 5.76 0.00 0.000 31 
15:47:34.312 15:47:34.312  GPGGA 224750.000 3751.8405000 -12218.1904000 1 13 0.00 5.79 0.00 0.000 33 
15:47:35.337 15:47:35.337  GPGGA 224751.000 3751.8351000 -12218.1889000 1 14 0.00 5.78 0.00 0.000 36 
15:47:36.329 15:47:36.329  GPGGA 224752.000 3751.8293000 -12218.1873000 1 13 0.00 5.40 0.00 0.000 33 
15:47:37.323 15:47:37.323  GPGGA 224753.000 3751.8235000 -12218.1856000 1 13 0.00 4.94 0.00 0.000 31 
15:47:38.314 15:47:38.314  GPGGA 224754.000 3751.8173000 -12218.1839000 1 13 0.00 4.15 0.00 0.000 37 
15:47:39.312 15:47:39.312  GPGGA 224755.000 3751.8111000 -12218.1821000 1 13 0.00 3.75 0.00 0.000 3 
15:47:40.325 15:47:40.325  GPGGA 224756.000 3751.8049000 -12218.1804000 1 13 0.00 3.70 0.00 0.000 37 
15:47:41.324 15:47:41.324  GPGGA 224757.000 3751.7987000 -12218.1786000 1 14 0.00 3.39 0.00 0.000 3 
15:47:42.323 15:47:42.323  GPGGA 224758.000 3751.7922000 -12218.1768000 1 15 0.00 2.86 0.00 0.000 39 
15:47:43.326 15:47:43.326  GPGGA 224759.000 3751.7854000 -12218.1751000 1 15 0.00 2.18 0.00 0.000 35 
15:47:44.340 15:47:44.340  GPGGA 224800.000 3751.7789000 -12218.1732000 1 16 0.00 2.34 0.00 0.000 31 
15:47:45.325 15:47:45.325  GPGGA 224801.000 3751.7725000 -12218.1714000 1 16 0.00 2.78 0.00 0.000 3 
15:47:46.318 15:47:46.318  GPGGA 224802.000 3751.7664000 -12218.1697000 1 16 0.00 3.35 0.00 0.000 3 
15:47:47.323 15:47:47.323  GPGGA 224803.000 3751.7605000 -12218.1680000 1 16 0.00 3.55 0.00 0.000 39 
15:47:48.317 15:47:48.317  GPGGA 224804.000 3751.7547000 -12218.1664000 1 16 0.00 3.95 0.00 0.000 3 
15:47:49.317 15:47:49.317  GPGGA 224805.000 3751.7492000 -12218.1649000 1 16 0.00 4.51 0.00 0.000 35 
15:47:50.337 15:47:50.337  GPGGA 224806.000 3751.7442000 -12218.1635000 1 16 0.00 5.21 0.00 0.000 36 
15:47:51.337 15:47:51.337  GPGGA 224807.000 3751.7394000 -12218.1621000 1 16 0.00 5.72 0.00 0.000 38 
15:47:52.318 15:47:52.318  GPGGA 224808.000 3751.7348000 -12218.1608000 1 16 0.00 6.15 0.00 0.000 3 
15:47:53.335 15:47:53.335  GPGGA 224809.000 3751.7303000 -12218.1596000 1 16 0.00 6.33 0.00 0.000 31 
15:47:54.338 15:47:54.338  GPGGA 224810.000 3751.7258000 -12218.1585000 1 16 0.00 6.08 0.00 0.000 3 
15:47:55.336 15:47:55.336  GPGGA 224811.000 3751.7212000 -12218.1573000 1 15 0.00 5.60 0.00 0.000 34 
15:47:56.318 15:47:56.318  GPGGA 224812.000 3751.7157000 -12218.1559000 1 14 0.00 4.27 0.00 0.000 3 
15:47:57.337 15:47:57.337  GPGGA 224813.000 3751.7101000 -12218.1545000 1 14 0.00 3.46 0.00 0.000 31 
15:47:58.318 15:47:58.318  GPGGA 224814.000 3751.7041000 -12218.1529000 1 14 0.00 2.62 0.00 0.000 3 
15:47:59.321 15:47:59.321  GPGGA 224815.000 3751.6974000 -12218.1510000 1 15 0.00 1.64 0.00 0.000 3 
15:48:00.322 15:48:00.322  GPGGA 224816.000 3751.6904000 -12218.1491000 1 16 0.00 1.09 0.00 0.000 3 
15:48:01.317 15:48:01.317  GPGGA 224817.000 3751.6827000 -12218.1469000 1 16 0.00 0.23 0.00 0.000 34 
15:48:02.319 15:48:02.319  GPGGA 224818.000 3751.6751000 -12218.1448000 1 15 0.00 0.17 0.00 0.000 32 
15:48:03.317 15:48:03.317  GPGGA 224819.000 3751.6674000 -12218.1426000 1 15 0.00 0.05 0.00 0.000 3 
15:48:04.337 15:48:04.337  GPGGA 224820.000 3751.6599000 -12218.1406000 1 15 0.00 0.17 0.00 0.000 35 
15:48:05.316 15:48:05.316  GPGGA 224821.000 3751.6521000 -12218.1384000 1 16 0.00 0.01 0.00 0.000 3 
15:48:06.328 15:48:06.328  GPGGA 224822.000 3751.6443000 -12218.1362000 1 15 0.00 -0.11 0.00 0.000 1 
15:48:07.328 15:48:07.328  GPGGA 224823.000 3751.6365000 -12218.1341000 1 17 0.00 -0.02 0.00 0.000 1 
15:48:08.327 15:48:08.327  GPGGA 224824.000 3751.6289000 -12218.1319000 1 17 0.00 0.33 0.00 0.000 3 
15:48:09.321 15:48:09.321  GPGGA 224825.000 3751.6216000 -12218.1299000 1 15 0.00 0.95 0.00 0.000 3 
15:48:10.326 15:48:10.326  GPGGA 224826.000 3751.6147000 -12218.1279000 1 15 0.00 2.04 0.00 0.000 3 
15:48:11.339 15:48:11.339  GPGGA 224827.000 3751.6084000 -12218.1261000 1 15 0.00 3.52 0.00 0.000 3 
15:48:12.335 15:48:12.336  GPGGA 224828.000 3751.6025000 -12218.1245000 1 15 0.00 5.03 0.00 0.000 3 
15:48:13.335 15:48:13.335  GPGGA 224829.000 3751.5969000 -12218.1229000 1 15 0.00 6.29 0.00 0.000 3 
15:48:14.318 15:48:14.318  GPGGA 224830.000 3751.5923000 -12218.1216000 1 15 0.00 8.09 0.00 0.000 3 
15:48:15.320 15:48:15.320  GPGGA 224831.000 3751.5876000 -12218.1202000 1 15 0.00 7.49 0.00 0.000 34 
15:48:16.318 15:48:16.318  GPGGA 224832.000 3751.5827000 -12218.1189000 1 15 0.00 7.21 0.00 0.000 3 
15:48:17.328 15:48:17.328  GPGGA 224833.000 3751.5781000 -12218.1175000 1 15 0.00 7.25 0.00 0.000 38 
15:48:18.319 15:48:18.319  GPGGA 224834.000 3751.5735000 -12218.1163000 1 15 0.00 7.37 0.00 0.000 34 
15:48:19.326 15:48:19.326  GPGGA 224835.000 3751.5692000 -12218.1150000 1 15 0.00 7.75 0.00 0.000 3 
15:48:20.338 15:48:20.338  GPGGA 224836.000 3751.5651000 -12218.1138000 1 15 0.00 7.80 0.00 0.000 37 
15:48:21.317 15:48:21.317  GPGGA 224837.000 3751.5598000 -12218.1122000 1 15 0.00 5.92 0.00 0.000 3 
15:48:22.322 15:48:22.322  GPGGA 224838.000 3751.5547000 -12218.1108000 1 16 0.00 5.33 0.00 0.000 37 
15:48:23.321 15:48:23.321  GPGGA 224839.000 3751.5493000 -12218.1093000 1 16 0.00 4.68 0.00 0.000 32 
15:48:24.317 15:48:24.317  GPGGA 224840.000 3751.5432000 -12218.1076000 1 13 0.00 3.62 0.00 0.000 34 
15:48:25.318 15:48:25.318  GPGGA 224841.000 3751.5363000 -12218.1057000 1 14 0.00 2.58 0.00 0.000 3 
15:48:26.322 15:48:26.322  GPGGA 224842.000 3751.5296000 -12218.1038000 1 14 0.00 2.07 0.00 0.000 31 
15:48:27.331 15:48:27.331  GPGGA 224843.000 3751.5227000 -12218.1019000 1 15 0.00 1.55 0.00 0.000 3 
15:48:28.326 15:48:28.326  GPGGA 224844.000 3751.5156000 -12218.0999000 1 15 0.00 1.19 0.00 0.000 36 
15:48:29.331 15:48:29.331  GPGGA 224845.000 3751.5084000 -12218.0978000 1 14 0.00 0.90 0.00 0.000 37 
15:48:30.315 15:48:30.315  GPGGA 224846.000 3751.5010000 -12218.0958000 1 15 0.00 0.49 0.00 0.000 3 
15:48:31.318 15:48:31.318  GPGGA 224847.000 3751.4933000 -12218.0937000 1 15 0.00 -0.14 0.00 0.000 1 
15:48:32.335 15:48:32.335  GPGGA 224848.000 3751.4851000 -12218.0915000 1 14 0.00 -0.59 0.00 0.000 18 
15:48:33.336 15:48:33.336  GPGGA 224849.000 3751.4769000 -12218.0892000 1 14 0.00 -0.82 0.00 0.000 15 
15:48:34.330 15:48:34.330  GPGGA 224850.000 3751.4687000 -12218.0868000 1 14 0.00 -0.77 0.00 0.000 13 
15:48:35.331 15:48:35.331  GPGGA 224851.000 3751.4608000 -12218.0846000 1 14 0.00 -0.19 0.00 0.000 11 
15:48:36.320 15:48:36.320  GPGGA 224852.000 3751.4540000 -12218.0827000 1 15 0.00 1.02 0.00 0.000 3 
15:48:37.331 15:48:37.331  GPGGA 224853.000 3751.4468000 -12218.0808000 1 17 0.00 1.68 0.00 0.000 34 
15:48:38.317 15:48:38.317  GPGGA 224854.000 3751.4403000 -12218.0790000 1 15 0.00 2.60 0.00 0.000 39 
15:48:39.332 15:48:39.332  GPGGA 224855.000 3751.4345000 -12218.0774000 1 17 0.00 3.35 0.00 0.000 34 
15:48:40.344 15:48:40.344  GPGGA 224856.000 3751.4285000 -12218.0757000 1 16 0.00 3.72 0.00 0.000 39 
15:48:41.335 15:48:41.335  GPGGA 224857.000 3751.4230000 -12218.0742000 1 15 0.00 4.40 0.00 0.000 37 
15:48:42.331 15:48:42.331  GPGGA 224858.000 3751.4178000 -12218.0728000 1 16 0.00 5.11 0.00 0.000 3 
15:48:43.339 15:48:43.339  GPGGA 224859.000 3751.4130000 -12218.0714000 1 15 0.00 5.63 0.00 0.000 39 
15:48:44.335 15:48:44.335  GPGGA 224900.000 3751.4083000 -12218.0702000 1 14 0.00 6.13 0.00 0.000 3 
15:48:45.338 15:48:45.338  GPGGA 224901.000 3751.4038000 -12218.0689000 1 13 0.00 6.38 0.00 0.000 32 
15:48:46.338 15:48:46.338  GPGGA 224902.000 3751.3994000 -12218.0678000 1 13 0.00 6.24 0.00 0.000 3 
15:48:47.339 15:48:47.339  GPGGA 224903.000 3751.3949000 -12218.0666000 1 13 0.00 5.72 0.00 0.000 34 
15:48:48.333 15:48:48.333  GPGGA 224904.000 3751.3896000 -12218.0651000 1 14 0.00 4.48 0.00 0.000 3 
15:48:49.336 15:48:49.336  GPGGA 224905.000 3751.3837000 -12218.0634000 1 14 0.00 3.29 0.00 0.000 32 
15:48:50.338 15:48:50.338  GPGGA 224906.000 3751.3778000 -12218.0617000 1 13 0.00 2.53 0.00 0.000 3 
15:48:51.323 15:48:51.323  GPGGA 224907.000 3751.3715000 -12218.0597000 1 8 0.00 1.62 0.00 0.000 35 
15:48:52.323 15:48:52.323  GPGGA 224908.000 3751.3644000 -12218.0577000 1 13 0.00 0.47 0.00 0.000 3 
15:48:53.336 15:48:53.336  GPGGA 224909.000 3751.3571000 -12218.0557000 1 13 0.00 -0.57 0.00 0.000 17 
15:48:54.337 15:48:54.338  GPGGA 224910.000 3751.3498000 -12218.0535000 1 13 0.00 -1.27 0.00 0.000 1 
15:48:55.338 15:48:55.338  GPGGA 224911.000 3751.3427000 -12218.0514000 1 11 0.00 -1.03 0.00 0.000 19 
15:48:56.338 15:48:56.338  GPGGA 224912.000 3751.3354000 -12218.0493000 1 10 0.00 -1.29 0.00 0.000 1 
15:48:57.336 15:48:57.336  GPGGA 224913.000 3751.3279000 -12218.0473000 1 10 0.00 -1.63 0.00 0.000 11 
15:48:58.336 15:48:58.336  GPGGA 224914.000 3751.3196000 -12218.0448000 1 12 0.00 -2.66 0.00 0.000 18 
15:48:59.336 15:48:59.336  GPGGA 224915.000 3751.3114000 -12218.0426000 1 12 0.00 -3.06 0.00 0.000 1 
15:49:00.328 15:49:00.328  GPGGA 224916.000 3751.3029000 -12218.0403000 1 12 0.00 -3.69 0.00 0.000 1 
15:49:01.319 15:49:01.319  GPGGA 224917.000 3751.2942000 -12218.0380000 1 12 0.00 -4.44 0.00 0.000 1 
15:49:02.336 15:49:02.336  GPGGA 224918.000 3751.2853000 -12218.0356000 1 12 0.00 -4.80 0.00 0.000 13 
15:49:03.335 15:49:03.335  GPGGA 224919.000 3751.2766000 -12218.0333000 1 12 0.00 -4.65 0.00 0.000 13 
15:49:04.338 15:49:04.338  GPGGA 224920.000 3751.2681000 -12218.0309000 1 12 0.00 -4.01 0.00 0.000 1 
15:49:05.338 15:49:05.338  GPGGA 224921.000 3751.2599000 -12218.0285000 1 14 0.00 -3.33 0.00 0.000 14 
15:49:06.338 15:49:06.338  GPGGA 224922.000 3751.2519000 -12218.0262000 1 14 0.00 -2.63 0.00 0.000 12 
15:49:07.336 15:49:07.336  GPGGA 224923.000 3751.2445000 -12218.0240000 1 17 0.00 -1.43 0.00 0.000 19 
15:49:08.333 15:49:08.333  GPGGA 224924.000 3751.2376000 -12218.0221000 1 17 0.00 -0.03 0.00 0.000 1 
15:49:09.340 15:49:09.340  GPGGA 224925.000 3751.2311000 -12218.0204000 1 17 0.00 1.16 0.00 0.000 34 
15:49:10.336 15:49:10.336  GPGGA 224926.000 3751.2249000 -12218.0186000 1 17 0.00 1.68 0.00 0.000 3 
15:49:11.323 15:49:11.323  GPGGA 224927.000 3751.2192000 -12218.0169000 1 17 0.00 2.44 0.00 0.000 33 
15:49:12.321 15:49:12.321  GPGGA 224928.000 3751.2139000 -12218.0154000 1 17 0.00 3.08 0.00 0.000 3 
15:49:13.321 15:49:13.321  GPGGA 224929.000 3751.2091000 -12218.0140000 1 17 0.00 3.87 0.00 0.000 3 
15:49:14.322 15:49:14.322  GPGGA 224930.000 3751.2045000 -12218.0127000 1 17 0.00 4.10 0.00 0.000 33 
15:49:15.325 15:49:15.325  GPGGA 224931.000 3751.2002000 -12218.0115000 1 17 0.00 4.44 0.00 0.000 31 
15:49:16.337 15:49:16.337  GPGGA 224932.000 3751.1961000 -12218.0104000 1 17 0.00 4.62 0.00 0.000 39 
15:49:17.336 15:49:17.336  GPGGA 224933.000 3751.1919000 -12218.0093000 1 17 0.00 4.39 0.00 0.000 36 
15:49:18.339 15:49:18.339  GPGGA 224934.000 3751.1871000 -12218.0080000 1 17 0.00 3.43 0.00 0.000 36 
15:49:19.337 15:49:19.337  GPGGA 224935.000 3751.1815000 -12218.0065000 1 17 0.00 2.23 0.00 0.000 39 
15:49:20.339 15:49:20.339  GPGGA 224936.000 3751.1755000 -12218.0048000 1 17 0.00 1.36 0.00 0.000 39 
15:49:21.339 15:49:21.339  GPGGA 224937.000 3751.1689000 -12218.0030000 1 17 0.00 0.15 0.00 0.000 37 
15:49:22.325 15:49:22.325  GPGGA 224938.000 3751.1616000 -12218.0011000 1 17 0.00 -1.08 0.00 0.000 1 
15:49:23.323 15:49:23.323  GPGGA 224939.000 3751.1538000 -12217.9990000 1 17 0.00 -2.12 0.00 0.000 1 
15:49:24.322 15:49:24.322  GPGGA 224940.000 3751.1455000 -12217.9968000 1 17 0.00 -2.90 0.00 0.000 14 
15:49:25.327 15:49:25.327  GPGGA 224941.000 3751.1367000 -12217.9945000 1 17 0.00 -3.53 0.00 0.000 12 
15:49:26.325 15:49:26.325  GPGGA 224942.000 3751.1278000 -12217.9922000 1 17 0.00 -3.71 0.00 0.000 1 
15:49:27.334 15:49:27.334  GPGGA 224943.000 3751.1190000 -12217.9899000 1 16 0.00 -3.49 0.00 0.000 10 
15:49:28.338 15:49:28.338  GPGGA 224944.000 3751.1104000 -12217.9876000 1 17 0.00 -3.08 0.00 0.000 1 
15:49:29.321 15:49:29.321  GPGGA 224945.000 3751.1020000 -12217.9855000 1 17 0.00 -2.57 0.00 0.000 13 
15:49:30.340 15:49:30.340  GPGGA 224946.000 3751.0936000 -12217.9834000 1 17 0.00 -2.17 0.00 0.000 1 
15:49:31.335 15:49:31.335  GPGGA 224947.000 3751.0853000 -12217.9813000 1 17 0.00 -1.93 0.00 0.000 15 
15:49:32.320 15:49:32.320  GPGGA 224948.000 3751.0769000 -12217.9792000 1 17 0.00 -1.73 0.00 0.000 14 
15:49:33.331 15:49:33.331  GPGGA 224949.000 3751.0687000 -12217.9771000 1 17 0.00 -1.37 0.00 0.000 19 
15:49:34.323 15:49:34.323  GPGGA 224950.000 3751.0605000 -12217.9751000 1 17 0.00 -1.06 0.00 0.000 1 
15:49:35.320 15:49:35.320  GPGGA 224951.000 3751.0526000 -12217.9731000 1 17 0.00 -0.60 0.00 0.000 1 
15:49:36.332 15:49:36.332  GPGGA 224952.000 3751.0449000 -12217.9712000 1 17 0.00 -0.13 0.00 0.000 11 
15:49:37.334 15:49:37.334  GPGGA 224953.000 3751.0374000 -12217.9694000 1 17 0.00 0.39 0.00 0.000 33 
15:49:38.323 15:49:38.323  GPGGA 224954.000 3751.0301000 -12217.9677000 1 17 0.00 0.89 0.00 0.000 30 
15:49:39.338 15:49:39.338  GPGGA 224955.000 3751.0231000 -12217.9660000 1 17 0.00 1.30 0.00 0.000 36 
15:49:40.340 15:49:40.340  GPGGA 224956.000 3751.0161000 -12217.9644000 1 16 0.00 1.42 0.00 0.000 31 
15:49:41.341 15:49:41.341  GPGGA 224957.000 3751.0091000 -12217.9627000 1 17 0.00 1.39 0.00 0.000 36 
15:49:42.338 15:49:42.338  GPGGA 224958.000 3751.0020000 -12217.9610000 1 17 0.00 1.27 0.00 0.000 38 
15:49:43.323 15:49:43.323  GPGGA 224959.000 3750.9951000 -12217.9593000 1 17 0.00 1.28 0.00 0.000 39 
15:49:44.338 15:49:44.338  GPGGA 225000.000 3750.9881000 -12217.9576000 1 17 0.00 1.47 0.00 0.000 33 
15:49:45.327 15:49:45.327  GPGGA 225001.000 3750.9815000 -12217.9560000 1 17 0.00 1.87 0.00 0.000 34 
15:49:46.339 15:49:46.339  GPGGA 225002.000 3750.9751000 -12217.9545000 1 17 0.00 2.32 0.00 0.000 32 
15:49:47.338 15:49:47.338  GPGGA 225003.000 3750.9691000 -12217.9530000 1 17 0.00 2.90 0.00 0.000 34 
15:49:48.338 15:49:48.338  GPGGA 225004.000 3750.9636000 -12217.9517000 1 17 0.00 3.61 0.00 0.000 34 
15:49:49.340 15:49:49.340  GPGGA 225005.000 3750.9583000 -12217.9504000 1 17 0.00 4.22 0.00 0.000 3 
15:49:50.341 15:49:50.341  GPGGA 225006.000 3750.9536000 -12217.9493000 1 16 0.00 4.89 0.00 0.000 38 
15:49:51.340 15:49:51.340  GPGGA 225007.000 3750.9493000 -12217.9483000 1 15 0.00 5.70 0.00 0.000 32 
15:49:52.326 15:49:52.326  GPGGA 225008.000 3750.9453000 -12217.9473000 1 15 0.00 6.32 0.00 0.000 3 
15:49:53.336 15:49:53.336  GPGGA 225009.000 3750.9416000 -12217.9464000 1 16 0.00 6.91 0.00 0.000 37 
15:49:54.336 15:49:54.336  GPGGA 225010.000 3750.9379000 -12217.9455000 1 17 0.00 7.48 0.00 0.000 37 
15:49:55.326 15:49:55.326  GPGGA 225011.000 3750.9352000 -12217.9449000 1 15 0.00 8.30 0.00 0.000 30 
15:49:56.340 15:49:56.340  GPGGA 225012.000 3750.9325000 -12217.9443000 1 17 0.00 8.88 0.00 0.000 38 
15:49:57.336 15:49:57.336  GPGGA 225013.000 3750.9302000 -12217.9438000 1 16 0.00 9.49 0.00 0.000 3 
15:49:58.339 15:49:58.339  GPGGA 225014.000 3750.9279000 -12217.9434000 1 16 0.00 9.28 0.00 0.000 3 
15:49:59.342 15:49:59.342  GPGGA 225015.000 3750.9249000 -12217.9426000 1 17 0.00 7.79 0.00 0.000 36 
15:50:00.325 15:50:00.325  GPGGA 225016.000 3750.9212000 -12217.9417000 1 17 0.00 6.53 0.00 0.000 30 
15:50:01.336 15:50:01.336  GPGGA 225017.000 3750.9169000 -12217.9408000 1 17 0.00 5.32 0.00 0.000 34 
15:50:02.340 15:50:02.340  GPGGA 225018.000 3750.9121000 -12217.9397000 1 17 0.00 4.43 0.00 0.000 31 
15:50:03.336 15:50:03.336  GPGGA 225019.000 3750.9068000 -12217.9385000 1 17 0.00 3.59 0.00 0.000 33 
15:50:04.335 15:50:04.335  GPGGA 225020.000 3750.9012000 -12217.9371000 1 17 0.00 2.90 0.00 0.000 3 
15:50:05.335 15:50:05.335  GPGGA 225021.000 3750.8951000 -12217.9356000 1 17 0.00 2.26 0.00 0.000 3 
15:50:06.336 15:50:06.336  GPGGA 225022.000 3750.8887000 -12217.9340000 1 17 0.00 1.56 0.00 0.000 37 
15:50:07.327 15:50:07.327  GPGGA 225023.000 3750.8820000 -12217.9323000 1 17 0.00 1.05 0.00 0.000 38 
15:50:08.342 15:50:08.342  GPGGA 225024.000 3750.8754000 -12217.9308000 1 17 0.00 1.14 0.00 0.000 3 
15:50:09.325 15:50:09.325  GPGGA 225025.000 3750.8691000 -12217.9292000 1 17 0.00 1.61 0.00 0.000 33 
15:50:10.325 15:50:10.325  GPGGA 225026.000 3750.8630000 -12217.9279000 1 17 0.00 2.02 0.00 0.000 38 
15:50:11.339 15:50:11.339  GPGGA 225027.000 3750.8572000 -12217.9265000 1 17 0.00 2.48 0.00 0.000 3 
15:50:12.339 15:50:12.339  GPGGA 225028.000 3750.8518000 -12217.9253000 1 17 0.00 3.19 0.00 0.000 3 
15:50:13.336 15:50:13.336  GPGGA 225029.000 3750.8470000 -12217.9243000 1 17 0.00 3.83 0.00 0.000 30 
15:50:14.341 15:50:14.341  GPGGA 225030.000 3750.8424000 -12217.9233000 1 17 0.00 4.50 0.00 0.000 37 
15:50:15.336 15:50:15.336  GPGGA 225031.000 3750.8384000 -12217.9223000 1 16 0.00 5.11 0.00 0.000 3 
15:50:16.327 15:50:16.327  GPGGA 225032.000 3750.8347000 -12217.9215000 1 17 0.00 5.71 0.00 0.000 31 
15:50:17.340 15:50:17.340  GPGGA 225033.000 3750.8315000 -12217.9207000 1 17 0.00 6.39 0.00 0.000 3 
15:50:18.339 15:50:18.339  GPGGA 225034.000 3750.8286000 -12217.9200000 1 17 0.00 6.95 0.00 0.000 36 
15:50:19.339 15:50:19.339  GPGGA 225035.000 3750.8261000 -12217.9194000 1 17 0.00 7.62 0.00 0.000 39 
15:50:20.339 15:50:20.339  GPGGA 225036.000 3750.8236000 -12217.9188000 1 15 0.00 8.00 0.00 0.000 3 
15:50:21.339 15:50:21.339  GPGGA 225037.000 3750.8211000 -12217.9182000 1 15 0.00 8.03 0.00 0.000 31 
15:50:22.333 15:50:22.333  GPGGA 225038.000 3750.8182000 -12217.9175000 1 16 0.00 7.44 0.00 0.000 30 
15:50:23.342 15:50:23.342  GPGGA 225039.000 3750.8149000 -12217.9167000 1 16 0.00 6.65 0.00 0.000 37 
15:50:24.339 15:50:24.340  GPGGA 225040.000 3750.8109000 -12217.9158000 1 16 0.00 5.45 0.00 0.000 30 
15:50:25.331 15:50:25.331  GPGGA 225041.000 3750.8065000 -12217.9146000 1 16 0.00 4.33 0.00 0.000 35 
15:50:26.342 15:50:26.342  GPGGA 225042.000 3750.8010000 -12217.9133000 1 17 0.00 2.63 0.00 0.000 34 
15:50:27.331 15:50:27.331  GPGGA 225043.000 3750.7952000 -12217.9119000 1 16 0.00 1.69 0.00 0.000 35 
15:50:28.327 15:50:28.327  GPGGA 225044.000 3750.7890000 -12217.9106000 1 17 0.00 0.70 0.00 0.000 3 
15:50:29.327 15:50:29.327  GPGGA 225045.000 3750.7823000 -12217.9092000 1 17 0.00 -0.14 0.00 0.000 11 
15:50:30.327 15:50:30.327  GPGGA 225046.000 3750.7754000 -12217.9076000 1 17 0.00 -0.89 0.00 0.000 13 
15:50:31.327 15:50:31.327  GPGGA 225047.000 3750.7677000 -12217.9060000 1 17 0.00 -2.15 0.00 0.000 12 
15:50:32.342 15:50:32.342  GPGGA 225048.000 3750.7603000 -12217.9042000 1 17 0.00 -2.06 0.00 0.000 1 
15:50:33.328 15:50:33.328  GPGGA 225049.000 3750.7529000 -12217.9025000 1 17 0.00 -2.16 0.00 0.000 16 
15:50:34.342 15:50:34.342  GPGGA 225050.000 3750.7454000 -12217.9008000 1 17 0.00 -2.36 0.00 0.000 18 
15:50:35.343 15:50:35.343  GPGGA 225051.000 3750.7377000 -12217.8992000 1 17 0.00 -2.56 0.00 0.000 12 
15:50:36.340 15:50:36.340  GPGGA 225052.000 3750.7298000 -12217.8976000 1 17 0.00 -2.71 0.00 0.000 1 
15:50:37.340 15:50:37.340  GPGGA 225053.000 3750.7219000 -12217.8960000 1 17 0.00 -2.85 0.00 0.000 1 
15:50:38.340 15:50:38.340  GPGGA 225054.000 3750.7137000 -12217.8944000 1 17 0.00 -3.14 0.00 0.000 1 
15:50:39.338 15:50:39.338  GPGGA 225055.000 3750.7055000 -12217.8930000 1 17 0.00 -3.23 0.00 0.000 1 
15:50:40.336 15:50:40.336  GPGGA 225056.000 3750.6971000 -12217.8919000 1 17 0.00 -3.20 0.00 0.000 1 
15:50:41.343 15:50:41.343  GPGGA 225057.000 3750.6886000 -12217.8910000 1 17 0.00 -3.23 0.00 0.000 19 
15:50:42.340 15:50:42.340  GPGGA 225058.000 3750.6800000 -12217.8898000 1 17 0.00 -3.37 0.00 0.000 1 
15:50:43.374 15:50:43.374  GPGGA 225059.000 3750.6713000 -12217.8881000 1 17 0.00 -3.36 0.00 0.000 19 
15:50:44.346 15:50:44.346  GPGGA 225100.000 3750.6627000 -12217.8863000 1 17 0.00 -3.08 0.00 0.000 13 
15:50:45.338 15:50:45.338  GPGGA 225101.000 3750.6544000 -12217.8845000 1 17 0.00 -2.36 0.00 0.000 1 
15:50:46.339 15:50:46.339  GPGGA 225102.000 3750.6465000 -12217.8828000 1 17 0.00 -1.54 0.00 0.000 11 
15:50:47.339 15:50:47.339  GPGGA 225103.000 3750.6393000 -12217.8812000 1 17 0.00 -0.24 0.00 0.000 11 
15:50:48.340 15:50:48.340  GPGGA 225104.000 3750.6326000 -12217.8798000 1 17 0.00 0.94 0.00 0.000 33 
15:50:49.340 15:50:49.340  GPGGA 225105.000 3750.6267000 -12217.8785000 1 17 0.00 2.28 0.00 0.000 3 
15:50:50.334 15:50:50.334  GPGGA 225106.000 3750.6214000 -12217.8774000 1 17 0.00 3.27 0.00 0.000 38 
15:50:51.337 15:50:51.337  GPGGA 225107.000 3750.6165000 -12217.8764000 1 17 0.00 4.06 0.00 0.000 39 
15:50:52.337 15:50:52.337  GPGGA 225108.000 3750.6119000 -12217.8754000 1 17 0.00 4.80 0.00 0.000 30 
15:50:53.337 15:50:53.337  GPGGA 225109.000 3750.6078000 -12217.8745000 1 17 0.00 5.52 0.00 0.000 39 
15:50:54.348 15:50:54.348  GPGGA 225110.000 3750.6040000 -12217.8737000 1 17 0.00 6.02 0.00 0.000 39 
15:50:55.340 15:50:55.340  GPGGA 225111.000 3750.6006000 -12217.8729000 1 17 0.00 6.38 0.00 0.000 3 
15:50:56.342 15:50:56.342  GPGGA 225112.000 3750.5975000 -12217.8722000 1 17 0.00 6.62 0.00 0.000 35 
15:50:57.349 15:50:57.349  GPGGA 225113.000 3750.5946000 -12217.8716000 1 17 0.00 6.66 0.00 0.000 37 
15:50:58.339 15:50:58.339  GPGGA 225114.000 3750.5916000 -12217.8710000 1 17 0.00 6.44 0.00 0.000 33 
15:50:59.337 15:50:59.337  GPGGA 225115.000 3750.5887000 -12217.8704000 1 17 0.00 6.21 0.00 0.000 3 
15:51:00.345 15:51:00.345  GPGGA 225116.000 3750.5857000 -12217.8698000 1 17 0.00 5.78 0.00 0.000 38 
15:51:01.336 15:51:01.336  GPGGA 225117.000 3750.5820000 -12217.8690000 1 17 0.00 4.92 0.00 0.000 34 
15:51:02.343 15:51:02.343  GPGGA 225118.000 3750.5779000 -12217.8682000 1 17 0.00 4.10 0.00 0.000 31 
15:51:03.342 15:51:03.342  GPGGA 225119.000 3750.5733000 -12217.8672000 1 17 0.00 3.26 0.00 0.000 33 
15:51:04.337 15:51:04.337  GPGGA 225120.000 3750.5685000 -12217.8662000 1 17 0.00 2.66 0.00 0.000 31 
15:51:05.342 15:51:05.342  GPGGA 225121.000 3750.5634000 -12217.8651000 1 17 0.00 2.10 0.00 0.000 3 
15:51:06.337 15:51:06.337  GPGGA 225122.000 3750.5582000 -12217.8640000 1 17 0.00 1.59 0.00 0.000 38 
15:51:07.346 15:51:07.346  GPGGA 225123.000 3750.5528000 -12217.8630000 1 16 0.00 1.28 0.00 0.000 39 
15:51:08.333 15:51:08.334  GPGGA 225124.000 3750.5473000 -12217.8620000 1 15 0.00 0.95 0.00 0.000 34 
15:51:09.339 15:51:09.339  GPGGA 225125.000 3750.5416000 -12217.8610000 1 15 0.00 0.65 0.00 0.000 3 
15:51:10.341 15:51:10.341  GPGGA 225126.000 3750.5359000 -12217.8600000 1 16 0.00 0.50 0.00 0.000 31 
15:51:11.342 15:51:11.342  GPGGA 225127.000 3750.5299000 -12217.8590000 1 16 0.00 0.15 0.00 0.000 36 
15:51:12.353 15:51:12.353  GPGGA 225128.000 3750.5241000 -12217.8581000 1 16 0.00 0.29 0.00 0.000 33 
15:51:13.341 15:51:13.341  GPGGA 225129.000 3750.5185000 -12217.8573000 1 17 0.00 0.57 0.00 0.000 3 
15:51:14.337 15:51:14.337  GPGGA 225130.000 3750.5130000 -12217.8565000 1 17 0.00 0.97 0.00 0.000 31 
15:51:15.341 15:51:15.341  GPGGA 225131.000 3750.5076000 -12217.8558000 1 16 0.00 1.13 0.00 0.000 31 
15:51:16.342 15:51:16.342  GPGGA 225132.000 3750.5024000 -12217.8551000 1 16 0.00 1.39 0.00 0.000 34 
15:51:17.340 15:51:17.340  GPGGA 225133.000 3750.4974000 -12217.8545000 1 16 0.00 2.03 0.00 0.000 37 
15:51:18.339 15:51:18.339  GPGGA 225134.000 3750.4930000 -12217.8540000 1 16 0.00 2.85 0.00 0.000 3 
15:51:19.348 15:51:19.348  GPGGA 225135.000 3750.4892000 -12217.8536000 1 16 0.00 3.71 0.00 0.000 38 
15:51:20.337 15:51:20.337  GPGGA 225136.000 3750.4857000 -12217.8532000 1 16 0.00 4.32 0.00 0.000 36 
15:51:21.337 15:51:21.337  GPGGA 225137.000 3750.4825000 -12217.8528000 1 16 0.00 4.71 0.00 0.000 3 
15:51:22.340 15:51:22.340  GPGGA 225138.000 3750.4795000 -12217.8525000 1 16 0.00 5.04 0.00 0.000 3 
15:51:23.335 15:51:23.335  GPGGA 225139.000 3750.4767000 -12217.8522000 1 16 0.00 5.16 0.00 0.000 33 
15:51:24.338 15:51:24.338  GPGGA 225140.000 3750.4741000 -12217.8520000 1 16 0.00 5.37 0.00 0.000 38 
15:51:25.341 15:51:25.341  GPGGA 225141.000 3750.4718000 -12217.8518000 1 16 0.00 5.66 0.00 0.000 3 
15:51:26.347 15:51:26.347  GPGGA 225142.000 3750.4697000 -12217.8516000 1 16 0.00 5.70 0.00 0.000 36 
15:51:27.339 15:51:27.339  GPGGA 225143.000 3750.4677000 -12217.8514000 1 16 0.00 5.77 0.00 0.000 3 
15:51:28.338 15:51:28.338  GPGGA 225144.000 3750.4659000 -12217.8512000 1 16 0.00 5.73 0.00 0.000 35 
15:51:29.351 15:51:29.351  GPGGA 225145.000 3750.4641000 -12217.8510000 1 16 0.00 5.57 0.00 0.000 39 
15:51:30.332 15:51:30.332  GPGGA 225146.000 3750.4620000 -12217.8508000 1 15 0.00 5.18 0.00 0.000 3 
15:51:31.339 15:51:31.339  GPGGA 225147.000 3750.4595000 -12217.8505000 1 14 0.00 4.64 0.00 0.000 36 
15:51:32.339 15:51:32.339  GPGGA 225148.000 3750.4566000 -12217.8502000 1 14 0.00 4.07 0.00 0.000 37 
15:51:33.338 15:51:33.338  GPGGA 225149.000 3750.4535000 -12217.8498000 1 15 0.00 3.69 0.00 0.000 3 
15:51:34.341 15:51:34.341  GPGGA 225150.000 3750.4505000 -12217.8495000 1 15 0.00 3.58 0.00 0.000 38 
15:51:35.339 15:51:35.339  GPGGA 225151.000 3750.4475000 -12217.8492000 1 15 0.00 3.58 0.00 0.000 38 
15:51:36.336 15:51:36.336  GPGGA 225152.000 3750.4446000 -12217.8489000 1 14 0.00 3.55 0.00 0.000 3 
15:51:37.339 15:51:37.339  GPGGA 225153.000 3750.4418000 -12217.8486000 1 13 0.00 3.69 0.00 0.000 30 
15:51:38.341 15:51:38.341  GPGGA 225154.000 3750.4393000 -12217.8483000 1 13 0.00 3.90 0.00 0.000 30 
15:51:39.366 15:51:39.366  GPGGA 225155.000 3750.4372000 -12217.8481000 1 13 0.00 4.37 0.00 0.000 36 
15:51:40.344 15:51:40.344  GPGGA 225156.000 3750.4357000 -12217.8478000 1 12 0.00 4.81 0.00 0.000 38 
15:51:41.345 15:51:41.345  GPGGA 225157.000 3750.4339000 -12217.8477000 1 12 0.00 4.84 0.00 0.000 3 
15:51:42.341 15:51:42.341  GPGGA 225158.000 3750.4321000 -12217.8477000 1 13 0.00 4.78 0.00 0.000 3 
15:51:43.337 15:51:43.337  GPGGA 225159.000 3750.4303000 -12217.8478000 1 12 0.00 4.67 0.00 0.000 3 
15:51:44.344 15:51:44.344  GPGGA 225200.000 3750.4283000 -12217.8480000 1 12 0.00 4.45 0.00 0.000 3 
15:51:45.343 15:51:45.343  GPGGA 225201.000 3750.4258000 -12217.8484000 1 14 0.00 4.04 0.00 0.000 3 
15:51:46.337 15:51:46.337  GPGGA 225202.000 3750.4235000 -12217.8490000 1 13 0.00 3.83 0.00 0.000 3 
15:51:47.339 15:51:47.339  GPGGA 225203.000 3750.4210000 -12217.8503000 1 13 0.00 3.53 0.00 0.000 3 
15:51:48.341 15:51:48.341  GPGGA 225204.000 3750.4180000 -12217.8522000 1 14 0.00 2.79 0.00 0.000 3 
15:51:49.337 15:51:49.337  GPGGA 225205.000 3750.4150000 -12217.8548000 1 12 0.00 2.32 0.00 0.000 34 
15:51:50.339 15:51:50.340  GPGGA 225206.000 3750.4123000 -12217.8577000 1 13 0.00 2.59 0.00 0.000 33 
15:51:51.344 15:51:51.344  GPGGA 225207.000 3750.4112000 -12217.8591000 1 13 0.00 3.56 0.00 0.000 36 
15:51:52.354 15:51:52.354  GPGGA 225208.000 3750.4102000 -12217.8605000 1 13 0.00 4.01 0.00 0.000 33 
15:51:53.344 15:51:53.345  GPGGA 225209.000 3750.4087000 -12217.8625000 1 14 0.00 3.77 0.00 0.000 3 
15:51:54.339 15:51:54.339  GPGGA 225210.000 3750.4070000 -12217.8648000 1 14 0.00 3.36 0.00 0.000 33 
15:51:55.346 15:51:55.346  GPGGA 225211.000 3750.4052000 -12217.8670000 1 14 0.00 3.06 0.00 0.000 3 
15:51:56.352 15:51:56.352  GPGGA 225212.000 3750.4032000 -12217.8691000 1 14 0.00 2.88 0.00 0.000 37 
15:51:57.345 15:51:57.345  GPGGA 225213.000 3750.4009000 -12217.8711000 1 14 0.00 2.59 0.00 0.000 3 
