Receiving GPS point for DB variable 8001
writing output to stdout
12:33:22.711 12:33:22.711  GPGGA 193339.000 3750.8819000 -12217.9103000 1 20 0.00 0.87 0.00 0.000 3 
12:33:23.730 12:33:23.730  GPGGA 193340.000 3750.8962000 -12217.9138000 1 20 0.00 0.77 0.00 0.000 3 
12:33:24.733 12:33:24.733  GPGGA 193341.000 3750.9106000 -12217.9173000 1 20 0.00 0.86 0.00 0.000 34 
12:33:25.729 12:33:25.729  GPGGA 193342.000 3750.9249000 -12217.9208000 1 20 0.00 1.07 0.00 0.000 38 
12:33:26.716 12:33:26.717  GPGGA 193343.000 3750.9391000 -12217.9244000 1 20 0.00 1.07 0.00 0.000 35 
12:33:27.731 12:33:27.731  GPGGA 193344.000 3750.9534000 -12217.9282000 1 20 0.00 0.93 0.00 0.000 3 
12:33:28.714 12:33:28.714  GPGGA 193345.000 3750.9679000 -12217.9321000 1 18 0.00 0.79 0.00 0.000 31 
12:33:29.712 12:33:29.712  GPGGA 193346.000 3750.9821000 -12217.9358000 1 20 0.00 1.11 0.00 0.000 3 
12:33:30.715 12:33:30.715  GPGGA 193347.000 3750.9965000 -12217.9394000 1 20 0.00 0.83 0.00 0.000 31 
12:33:31.729 12:33:31.729  GPGGA 193348.000 3751.0113000 -12217.9430000 1 19 0.00 0.68 0.00 0.000 39 
12:33:32.712 12:33:32.712  GPGGA 193349.000 3751.0262000 -12217.9465000 1 19 0.00 0.62 0.00 0.000 37 
12:33:33.729 12:33:33.729  GPGGA 193350.000 3751.0413000 -12217.9501000 1 20 0.00 0.48 0.00 0.000 3 
12:33:34.731 12:33:34.731  GPGGA 193351.000 3751.0566000 -12217.9537000 1 18 0.00 0.30 0.00 0.000 3 
12:33:35.713 12:33:35.713  GPGGA 193352.000 3751.0719000 -12217.9575000 1 18 0.00 0.29 0.00 0.000 3 
12:33:36.714 12:33:36.714  GPGGA 193353.000 3751.0873000 -12217.9613000 1 20 0.00 0.38 0.00 0.000 30 
12:33:37.732 12:33:37.732  GPGGA 193354.000 3751.1021000 -12217.9651000 1 20 0.00 0.94 0.00 0.000 39 
12:33:38.732 12:33:38.732  GPGGA 193355.000 3751.1167000 -12217.9690000 1 20 0.00 1.24 0.00 0.000 3 
12:33:39.716 12:33:39.716  GPGGA 193356.000 3751.1308000 -12217.9727000 1 20 0.00 1.79 0.00 0.000 31 
12:33:40.719 12:33:40.719  GPGGA 193357.000 3751.1448000 -12217.9763000 1 20 0.00 2.00 0.00 0.000 3 
12:33:41.715 12:33:41.715  GPGGA 193358.000 3751.1585000 -12217.9800000 1 20 0.00 2.21 0.00 0.000 38 
12:33:42.714 12:33:42.714  GPGGA 193359.000 3751.1721000 -12217.9837000 1 20 0.00 2.32 0.00 0.000 33 
12:33:43.730 12:33:43.730  GPGGA 193400.000 3751.1855000 -12217.9874000 1 20 0.00 2.60 0.00 0.000 34 
12:33:44.713 12:33:44.713  GPGGA 193401.000 3751.1985000 -12217.9910000 1 20 0.00 2.92 0.00 0.000 37 
12:33:45.728 12:33:45.728  GPGGA 193402.000 3751.2113000 -12217.9945000 1 20 0.00 3.09 0.00 0.000 33 
12:33:46.733 12:33:46.734  GPGGA 193403.000 3751.2241000 -12217.9981000 1 20 0.00 2.94 0.00 0.000 3 
12:33:47.730 12:33:47.730  GPGGA 193404.000 3751.2371000 -12218.0017000 1 20 0.00 2.71 0.00 0.000 35 
12:33:48.726 12:33:48.726  GPGGA 193405.000 3751.2504000 -12218.0053000 1 20 0.00 2.46 0.00 0.000 34 
12:33:49.722 12:33:49.722  GPGGA 193406.000 3751.2637000 -12218.0091000 1 20 0.00 2.18 0.00 0.000 31 
12:33:50.730 12:33:50.730  GPGGA 193407.000 3751.2773000 -12218.0129000 1 20 0.00 2.01 0.00 0.000 3 
12:33:51.724 12:33:51.724  GPGGA 193408.000 3751.2908000 -12218.0167000 1 20 0.00 1.93 0.00 0.000 34 
12:33:52.724 12:33:52.724  GPGGA 193409.000 3751.3044000 -12218.0204000 1 20 0.00 1.86 0.00 0.000 37 
12:33:53.730 12:33:53.730  GPGGA 193410.000 3751.3179000 -12218.0242000 1 20 0.00 1.92 0.00 0.000 37 
12:33:54.732 12:33:54.732  GPGGA 193411.000 3751.3315000 -12218.0280000 1 20 0.00 1.90 0.00 0.000 32 
12:33:55.729 12:33:55.729  GPGGA 193412.000 3751.3452000 -12218.0317000 1 20 0.00 1.72 0.00 0.000 36 
12:33:56.725 12:33:56.725  GPGGA 193413.000 3751.3591000 -12218.0355000 1 20 0.00 1.55 0.00 0.000 3 
12:33:57.736 12:33:57.736  GPGGA 193414.000 3751.3731000 -12218.0394000 1 20 0.00 1.37 0.00 0.000 3 
12:33:58.729 12:33:58.729  GPGGA 193415.000 3751.3874000 -12218.0433000 1 20 0.00 1.11 0.00 0.000 3 
12:33:59.720 12:33:59.720  GPGGA 193416.000 3751.4019000 -12218.0473000 1 20 0.00 0.95 0.00 0.000 33 
12:34:00.729 12:34:00.729  GPGGA 193417.000 3751.4164000 -12218.0514000 1 19 0.00 1.00 0.00 0.000 3 
12:34:01.726 12:34:01.726  GPGGA 193418.000 3751.4309000 -12218.0554000 1 20 0.00 1.03 0.00 0.000 35 
12:34:02.721 12:34:02.721  GPGGA 193419.000 3751.4453000 -12218.0594000 1 20 0.00 1.10 0.00 0.000 32 
12:34:03.732 12:34:03.732  GPGGA 193420.000 3751.4597000 -12218.0634000 1 20 0.00 1.16 0.00 0.000 3 
12:34:04.726 12:34:04.726  GPGGA 193421.000 3751.4741000 -12218.0675000 1 20 0.00 1.26 0.00 0.000 30 
12:34:05.728 12:34:05.728  GPGGA 193422.000 3751.4886000 -12218.0715000 1 20 0.00 1.25 0.00 0.000 33 
12:34:06.731 12:34:06.731  GPGGA 193423.000 3751.5033000 -12218.0756000 1 20 0.00 1.22 0.00 0.000 35 
12:34:07.721 12:34:07.721  GPGGA 193424.000 3751.5179000 -12218.0797000 1 20 0.00 1.27 0.00 0.000 35 
12:34:08.731 12:34:08.731  GPGGA 193425.000 3751.5325000 -12218.0838000 1 20 0.00 1.35 0.00 0.000 36 
12:34:09.719 12:34:09.719  GPGGA 193426.000 3751.5471000 -12218.0878000 1 20 0.00 1.42 0.00 0.000 37 
12:34:10.729 12:34:10.729  GPGGA 193427.000 3751.5615000 -12218.0918000 1 20 0.00 1.59 0.00 0.000 3 
12:34:11.730 12:34:11.730  GPGGA 193428.000 3751.5759000 -12218.0958000 1 20 0.00 1.66 0.00 0.000 35 
12:34:12.721 12:34:12.721  GPGGA 193429.000 3751.5903000 -12218.0999000 1 20 0.00 1.77 0.00 0.000 38 
12:34:13.718 12:34:13.718  GPGGA 193430.000 3751.6045000 -12218.1040000 1 20 0.00 1.93 0.00 0.000 3 
12:34:14.733 12:34:14.733  GPGGA 193431.000 3751.6188000 -12218.1080000 1 20 0.00 1.97 0.00 0.000 37 
12:34:15.720 12:34:15.720  GPGGA 193432.000 3751.6328000 -12218.1120000 1 20 0.00 2.21 0.00 0.000 39 
12:34:16.725 12:34:16.725  GPGGA 193433.000 3751.6468000 -12218.1159000 1 20 0.00 2.38 0.00 0.000 3 
12:34:17.729 12:34:17.729  GPGGA 193434.000 3751.6606000 -12218.1197000 1 20 0.00 2.56 0.00 0.000 3 
12:34:18.721 12:34:18.721  GPGGA 193435.000 3751.6743000 -12218.1235000 1 20 0.00 2.68 0.00 0.000 3 
12:34:19.773 12:34:19.773  GPGGA 193436.000 3751.6880000 -12218.1273000 1 20 0.00 2.70 0.00 0.000 35 
12:34:20.733 12:34:20.734  GPGGA 193437.000 3751.7015000 -12218.1310000 1 20 0.00 2.87 0.00 0.000 3 
12:34:21.717 12:34:21.718  GPGGA 193438.000 3751.7149000 -12218.1347000 1 20 0.00 2.91 0.00 0.000 3 
12:34:22.738 12:34:22.738  GPGGA 193439.000 3751.7281000 -12218.1385000 1 20 0.00 2.92 0.00 0.000 34 
12:34:23.717 12:34:23.717  GPGGA 193440.000 3751.7408000 -12218.1420000 1 20 0.00 3.45 0.00 0.000 3 
12:34:24.724 12:34:24.724  GPGGA 193441.000 3751.7526000 -12218.1454000 1 20 0.00 4.07 0.00 0.000 30 
12:34:25.732 12:34:25.732  GPGGA 193442.000 3751.7635000 -12218.1484000 1 20 0.00 4.69 0.00 0.000 37 
12:34:26.718 12:34:26.718  GPGGA 193443.000 3751.7742000 -12218.1515000 1 20 0.00 4.80 0.00 0.000 39 
12:34:27.718 12:34:27.719  GPGGA 193444.000 3751.7848000 -12218.1545000 1 20 0.00 4.80 0.00 0.000 3 
12:34:28.718 12:34:28.718  GPGGA 193445.000 3751.7954000 -12218.1574000 1 20 0.00 4.68 0.00 0.000 37 
12:34:29.725 12:34:29.725  GPGGA 193446.000 3751.8060000 -12218.1604000 1 20 0.00 4.54 0.00 0.000 3 
12:34:30.719 12:34:30.719  GPGGA 193447.000 3751.8165000 -12218.1633000 1 20 0.00 4.46 0.00 0.000 3 
12:34:31.719 12:34:31.719  GPGGA 193448.000 3751.8270000 -12218.1661000 1 20 0.00 4.40 0.00 0.000 35 
12:34:32.733 12:34:32.733  GPGGA 193449.000 3751.8374000 -12218.1689000 1 20 0.00 4.44 0.00 0.000 33 
12:34:33.719 12:34:33.719  GPGGA 193450.000 3751.8477000 -12218.1717000 1 20 0.00 4.53 0.00 0.000 3 
12:34:34.726 12:34:34.726  GPGGA 193451.000 3751.8579000 -12218.1746000 1 20 0.00 4.46 0.00 0.000 31 
12:34:35.740 12:34:35.740  GPGGA 193452.000 3751.8681000 -12218.1775000 1 20 0.00 4.32 0.00 0.000 35 
12:34:36.725 12:34:36.725  GPGGA 193453.000 3751.8787000 -12218.1805000 1 20 0.00 3.79 0.00 0.000 33 
12:34:37.725 12:34:37.725  GPGGA 193454.000 3751.8896000 -12218.1836000 1 20 0.00 3.33 0.00 0.000 35 
12:34:38.720 12:34:38.720  GPGGA 193455.000 3751.9009000 -12218.1866000 1 19 0.00 2.92 0.00 0.000 3 
12:34:39.734 12:34:39.734  GPGGA 193456.000 3751.9123000 -12218.1898000 1 20 0.00 2.50 0.00 0.000 31 
12:34:40.725 12:34:40.725  GPGGA 193457.000 3751.9241000 -12218.1931000 1 20 0.00 2.10 0.00 0.000 31 
12:34:41.725 12:34:41.726  GPGGA 193458.000 3751.9361000 -12218.1965000 1 20 0.00 1.76 0.00 0.000 3 
12:34:42.720 12:34:42.720  GPGGA 193459.000 3751.9484000 -12218.2001000 1 20 0.00 1.60 0.00 0.000 3 
12:34:43.719 12:34:43.719  GPGGA 193500.000 3751.9610000 -12218.2038000 1 20 0.00 1.30 0.00 0.000 30 
12:34:44.725 12:34:44.725  GPGGA 193501.000 3751.9739000 -12218.2077000 1 20 0.00 1.08 0.00 0.000 3 
12:34:45.725 12:34:45.725  GPGGA 193502.000 3751.9871000 -12218.2117000 1 20 0.00 0.71 0.00 0.000 33 
12:34:46.734 12:34:46.734  GPGGA 193503.000 3752.0005000 -12218.2158000 1 20 0.00 0.52 0.00 0.000 39 
12:34:47.725 12:34:47.725  GPGGA 193504.000 3752.0137000 -12218.2200000 1 19 0.00 0.38 0.00 0.000 36 
12:34:48.737 12:34:48.737  GPGGA 193505.000 3752.0277000 -12218.2243000 1 19 0.00 -0.67 0.00 0.000 10 
12:34:49.726 12:34:49.726  GPGGA 193506.000 3752.0423000 -12218.2286000 1 19 0.00 -0.79 0.00 0.000 12 
12:34:50.724 12:34:50.724  GPGGA 193507.000 3752.0570000 -12218.2329000 1 19 0.00 -0.90 0.00 0.000 17 
12:34:51.720 12:34:51.720  GPGGA 193508.000 3752.0719000 -12218.2373000 1 19 0.00 -1.02 0.00 0.000 10 
12:34:52.722 12:34:52.722  GPGGA 193509.000 3752.0872000 -12218.2419000 1 20 0.00 -1.11 0.00 0.000 10 
12:34:53.734 12:34:53.734  GPGGA 193510.000 3752.1027000 -12218.2465000 1 20 0.00 -1.23 0.00 0.000 1 
12:34:54.729 12:34:54.729  GPGGA 193511.000 3752.1185000 -12218.2513000 1 20 0.00 -1.33 0.00 0.000 12 
12:34:55.729 12:34:55.729  GPGGA 193512.000 3752.1345000 -12218.2562000 1 20 0.00 -1.42 0.00 0.000 1 
12:34:56.729 12:34:56.729  GPGGA 193513.000 3752.1505000 -12218.2612000 1 20 0.00 -1.29 0.00 0.000 15 
12:34:57.740 12:34:57.740  GPGGA 193514.000 3752.1666000 -12218.2661000 1 20 0.00 -1.09 0.00 0.000 12 
12:34:58.734 12:34:58.734  GPGGA 193515.000 3752.1826000 -12218.2711000 1 20 0.00 -0.96 0.00 0.000 18 
12:34:59.727 12:34:59.727  GPGGA 193516.000 3752.1986000 -12218.2761000 1 20 0.00 -0.80 0.00 0.000 10 
12:35:00.734 12:35:00.734  GPGGA 193517.000 3752.2146000 -12218.2811000 1 20 0.00 -0.69 0.00 0.000 19 
12:35:01.731 12:35:01.731  GPGGA 193518.000 3752.2307000 -12218.2862000 1 20 0.00 -0.55 0.00 0.000 1 
12:35:02.731 12:35:02.731  GPGGA 193519.000 3752.2466000 -12218.2912000 1 20 0.00 -0.32 0.00 0.000 1 
12:35:03.736 12:35:03.736  GPGGA 193520.000 3752.2625000 -12218.2961000 1 20 0.00 -0.09 0.00 0.000 1 
12:35:04.721 12:35:04.721  GPGGA 193521.000 3752.2782000 -12218.3011000 1 20 0.00 0.21 0.00 0.000 3 
12:35:05.729 12:35:05.729  GPGGA 193522.000 3752.2935000 -12218.3059000 1 20 0.00 0.67 0.00 0.000 35 
12:35:06.724 12:35:06.724  GPGGA 193523.000 3752.3085000 -12218.3106000 1 20 0.00 1.15 0.00 0.000 38 
12:35:07.721 12:35:07.721  GPGGA 193524.000 3752.3225000 -12218.3151000 1 20 0.00 2.28 0.00 0.000 38 
12:35:08.738 12:35:08.738  GPGGA 193525.000 3752.3363000 -12218.3193000 1 20 0.00 3.35 0.00 0.000 39 
12:35:09.737 12:35:09.737  GPGGA 193526.000 3752.3464000 -12218.3226000 1 19 0.00 5.20 0.00 0.000 3 
12:35:10.724 12:35:10.724  GPGGA 193527.000 3752.3575000 -12218.3261000 1 20 0.00 5.31 0.00 0.000 36 
12:35:11.737 12:35:11.737  GPGGA 193528.000 3752.3694000 -12218.3297000 1 20 0.00 4.35 0.00 0.000 39 
12:35:12.722 12:35:12.722  GPGGA 193529.000 3752.3822000 -12218.3336000 1 20 0.00 3.13 0.00 0.000 32 
12:35:13.734 12:35:13.735  GPGGA 193530.000 3752.3956000 -12218.3377000 1 20 0.00 2.17 0.00 0.000 38 
12:35:14.729 12:35:14.729  GPGGA 193531.000 3752.4088000 -12218.3417000 1 20 0.00 2.54 0.00 0.000 32 
12:35:15.730 12:35:15.730  GPGGA 193532.000 3752.4212000 -12218.3456000 1 20 0.00 2.95 0.00 0.000 38 
12:35:16.737 12:35:16.737  GPGGA 193533.000 3752.4337000 -12218.3496000 1 20 0.00 3.06 0.00 0.000 38 
12:35:17.727 12:35:17.727  GPGGA 193534.000 3752.4463000 -12218.3535000 1 20 0.00 2.86 0.00 0.000 38 
12:35:18.732 12:35:18.732  GPGGA 193535.000 3752.4592000 -12218.3575000 1 20 0.00 2.41 0.00 0.000 39 
12:35:19.723 12:35:19.723  GPGGA 193536.000 3752.4724000 -12218.3617000 1 20 0.00 2.10 0.00 0.000 36 
12:35:20.722 12:35:20.722  GPGGA 193537.000 3752.4857000 -12218.3658000 1 20 0.00 1.93 0.00 0.000 3 
12:35:21.741 12:35:21.741  GPGGA 193538.000 3752.4994000 -12218.3700000 1 20 0.00 1.59 0.00 0.000 34 
12:35:22.736 12:35:22.736  GPGGA 193539.000 3752.5129000 -12218.3742000 1 20 0.00 1.77 0.00 0.000 30 
12:35:23.738 12:35:23.738  GPGGA 193540.000 3752.5261000 -12218.3783000 1 20 0.00 1.99 0.00 0.000 3 
12:35:24.722 12:35:24.722  GPGGA 193541.000 3752.5390000 -12218.3823000 1 20 0.00 2.46 0.00 0.000 36 
12:35:25.725 12:35:25.725  GPGGA 193542.000 3752.5515000 -12218.3862000 1 20 0.00 2.89 0.00 0.000 38 
12:35:26.765 12:35:26.765  GPGGA 193543.000 3752.5638000 -12218.3900000 1 20 0.00 3.37 0.00 0.000 34 
12:35:27.741 12:35:27.741  GPGGA 193544.000 3752.5759000 -12218.3937000 1 20 0.00 4.06 0.00 0.000 34 
12:35:28.725 12:35:28.726  GPGGA 193545.000 3752.5876000 -12218.3973000 1 20 0.00 4.84 0.00 0.000 3 
12:35:29.725 12:35:29.725  GPGGA 193546.000 3752.5991000 -12218.4008000 1 20 0.00 5.51 0.00 0.000 3 
12:35:30.727 12:35:30.727  GPGGA 193547.000 3752.6105000 -12218.4044000 1 20 0.00 5.96 0.00 0.000 39 
12:35:31.723 12:35:31.723  GPGGA 193548.000 3752.6219000 -12218.4079000 1 20 0.00 6.39 0.00 0.000 30 
12:35:32.727 12:35:32.727  GPGGA 193549.000 3752.6332000 -12218.4114000 1 20 0.00 6.79 0.00 0.000 37 
12:35:33.740 12:35:33.740  GPGGA 193550.000 3752.6445000 -12218.4148000 1 20 0.00 7.10 0.00 0.000 3 
12:35:34.731 12:35:34.731  GPGGA 193551.000 3752.6557000 -12218.4182000 1 20 0.00 7.34 0.00 0.000 3 
12:35:35.732 12:35:35.732  GPGGA 193552.000 3752.6668000 -12218.4217000 1 20 0.00 7.59 0.00 0.000 34 
12:35:36.732 12:35:36.732  GPGGA 193553.000 3752.6780000 -12218.4251000 1 20 0.00 7.71 0.00 0.000 3 
12:35:37.724 12:35:37.724  GPGGA 193554.000 3752.6891000 -12218.4284000 1 20 0.00 7.82 0.00 0.000 36 
12:35:38.731 12:35:38.731  GPGGA 193555.000 3752.7004000 -12218.4315000 1 20 0.00 7.63 0.00 0.000 34 
12:35:39.732 12:35:39.732  GPGGA 193556.000 3752.7118000 -12218.4345000 1 20 0.00 7.45 0.00 0.000 3 
12:35:40.724 12:35:40.724  GPGGA 193557.000 3752.7234000 -12218.4373000 1 20 0.00 7.16 0.00 0.000 35 
12:35:41.736 12:35:41.736  GPGGA 193558.000 3752.7352000 -12218.4401000 1 20 0.00 6.74 0.00 0.000 3 
12:35:42.740 12:35:42.740  GPGGA 193559.000 3752.7472000 -12218.4428000 1 20 0.00 6.28 0.00 0.000 3 
12:35:43.728 12:35:43.728  GPGGA 193600.000 3752.7592000 -12218.4456000 1 20 0.00 5.83 0.00 0.000 31 
12:35:44.742 12:35:44.742  GPGGA 193601.000 3752.7714000 -12218.4483000 1 20 0.00 5.34 0.00 0.000 38 
12:35:45.736 12:35:45.736  GPGGA 193602.000 3752.7838000 -12218.4511000 1 20 0.00 4.58 0.00 0.000 3 
12:35:46.732 12:35:46.732  GPGGA 193603.000 3752.7962000 -12218.4538000 1 20 0.00 3.97 0.00 0.000 3 
12:35:47.724 12:35:47.724  GPGGA 193604.000 3752.8088000 -12218.4566000 1 20 0.00 3.41 0.00 0.000 3 
12:35:48.733 12:35:48.733  GPGGA 193605.000 3752.8215000 -12218.4593000 1 20 0.00 2.91 0.00 0.000 3 
12:35:49.734 12:35:49.734  GPGGA 193606.000 3752.8345000 -12218.4621000 1 20 0.00 2.50 0.00 0.000 3 
12:35:50.736 12:35:50.736  GPGGA 193607.000 3752.8477000 -12218.4651000 1 20 0.00 2.15 0.00 0.000 3 
12:35:51.734 12:35:51.734  GPGGA 193608.000 3752.8612000 -12218.4685000 1 20 0.00 1.80 0.00 0.000 36 
12:35:52.741 12:35:52.741  GPGGA 193609.000 3752.8750000 -12218.4721000 1 20 0.00 1.36 0.00 0.000 32 
12:35:53.734 12:35:53.734  GPGGA 193610.000 3752.8894000 -12218.4757000 1 20 0.00 0.56 0.00 0.000 3 
12:35:54.734 12:35:54.734  GPGGA 193611.000 3752.9046000 -12218.4794000 1 20 0.00 -0.34 0.00 0.000 1 
12:35:55.735 12:35:55.735  GPGGA 193612.000 3752.9205000 -12218.4832000 1 20 0.00 -1.06 0.00 0.000 1 
12:35:56.739 12:35:56.739  GPGGA 193613.000 3752.9371000 -12218.4871000 1 20 0.00 -1.73 0.00 0.000 19 
12:35:57.730 12:35:57.730  GPGGA 193614.000 3752.9543000 -12218.4911000 1 20 0.00 -2.32 0.00 0.000 18 
12:35:58.742 12:35:58.742  GPGGA 193615.000 3752.9720000 -12218.4951000 1 20 0.00 -2.73 0.00 0.000 1 
12:35:59.740 12:35:59.740  GPGGA 193616.000 3752.9897000 -12218.4993000 1 20 0.00 -2.52 0.00 0.000 12 
12:36:00.732 12:36:00.732  GPGGA 193617.000 3753.0070000 -12218.5032000 1 20 0.00 -1.94 0.00 0.000 10 
12:36:01.737 12:36:01.737  GPGGA 193618.000 3753.0241000 -12218.5071000 1 20 0.00 -1.62 0.00 0.000 11 
12:36:02.731 12:36:02.732  GPGGA 193619.000 3753.0412000 -12218.5110000 1 20 0.00 -1.40 0.00 0.000 16 
12:36:03.730 12:36:03.730  GPGGA 193620.000 3753.0581000 -12218.5147000 1 20 0.00 -1.08 0.00 0.000 19 
12:36:04.736 12:36:04.736  GPGGA 193621.000 3753.0748000 -12218.5182000 1 20 0.00 -0.67 0.00 0.000 1 
12:36:05.729 12:36:05.729  GPGGA 193622.000 3753.0913000 -12218.5215000 1 20 0.00 -0.02 0.00 0.000 13 
12:36:06.743 12:36:06.743  GPGGA 193623.000 3753.1075000 -12218.5246000 1 20 0.00 0.86 0.00 0.000 3 
12:36:07.728 12:36:07.728  GPGGA 193624.000 3753.1237000 -12218.5276000 1 20 0.00 1.85 0.00 0.000 3 
12:36:08.743 12:36:08.743  GPGGA 193625.000 3753.1399000 -12218.5306000 1 20 0.00 2.98 0.00 0.000 32 
12:36:09.743 12:36:09.743  GPGGA 193626.000 3753.1562000 -12218.5334000 1 20 0.00 4.10 0.00 0.000 34 
12:36:10.730 12:36:10.730  GPGGA 193627.000 3753.1725000 -12218.5358000 1 20 0.00 5.13 0.00 0.000 3 
12:36:11.728 12:36:11.728  GPGGA 193628.000 3753.1888000 -12218.5378000 1 20 0.00 6.12 0.00 0.000 3 
12:36:12.729 12:36:12.729  GPGGA 193629.000 3753.2053000 -12218.5391000 1 20 0.00 7.00 0.00 0.000 32 
12:36:13.728 12:36:13.728  GPGGA 193630.000 3753.2218000 -12218.5396000 1 20 0.00 8.01 0.00 0.000 3 
12:36:14.749 12:36:14.749  GPGGA 193631.000 3753.2382000 -12218.5391000 1 20 0.00 9.02 0.00 0.000 38 
12:36:15.729 12:36:15.729  GPGGA 193632.000 3753.2543000 -12218.5376000 1 20 0.00 10.09 0.00 0.000 0 
12:36:16.729 12:36:16.729  GPGGA 193633.000 3753.2700000 -12218.5354000 1 20 0.00 11.16 0.00 0.000 1 
12:36:17.724 12:36:17.724  GPGGA 193634.000 3753.2851000 -12218.5325000 1 20 0.00 12.12 0.00 0.000 0 
12:36:18.725 12:36:18.725  GPGGA 193635.000 3753.2998000 -12218.5289000 1 20 0.00 12.96 0.00 0.000 2 
12:36:19.724 12:36:19.724  GPGGA 193636.000 3753.3143000 -12218.5245000 1 20 0.00 13.52 0.00 0.000 7 
12:36:20.741 12:36:20.741  GPGGA 193637.000 3753.3285000 -12218.5194000 1 20 0.00 13.91 0.00 0.000 0 
12:36:21.741 12:36:21.741  GPGGA 193638.000 3753.3425000 -12218.5137000 1 20 0.00 14.17 0.00 0.000 0 
12:36:22.731 12:36:22.731  GPGGA 193639.000 3753.3567000 -12218.5073000 1 20 0.00 14.17 0.00 0.000 0 
12:36:23.726 12:36:23.726  GPGGA 193640.000 3753.3710000 -12218.5002000 1 20 0.00 14.07 0.00 0.000 0 
12:36:24.740 12:36:24.740  GPGGA 193641.000 3753.3855000 -12218.4929000 1 20 0.00 14.00 0.00 0.000 9 
12:36:25.735 12:36:25.735  GPGGA 193642.000 3753.4001000 -12218.4855000 1 20 0.00 13.95 0.00 0.000 5 
12:36:26.727 12:36:26.727  GPGGA 193643.000 3753.4148000 -12218.4782000 1 20 0.00 13.98 0.00 0.000 0 
12:36:27.735 12:36:27.735  GPGGA 193644.000 3753.4297000 -12218.4709000 1 20 0.00 13.94 0.00 0.000 9 
12:36:28.737 12:36:28.737  GPGGA 193645.000 3753.4447000 -12218.4637000 1 20 0.00 13.88 0.00 0.000 2 
12:36:29.743 12:36:29.743  GPGGA 193646.000 3753.4596000 -12218.4570000 1 20 0.00 14.04 0.00 0.000 0 
12:36:30.737 12:36:30.737  GPGGA 193647.000 3753.4745000 -12218.4513000 1 20 0.00 14.29 0.00 0.000 8 
12:36:31.731 12:36:31.731  GPGGA 193648.000 3753.4895000 -12218.4465000 1 20 0.00 14.35 0.00 0.000 8 
12:36:32.730 12:36:32.730  GPGGA 193649.000 3753.5048000 -12218.4429000 1 20 0.00 14.29 0.00 0.000 5 
12:36:33.784 12:36:33.784  GPGGA 193650.000 3753.5203000 -12218.4403000 1 20 0.00 14.09 0.00 0.000 0 
12:36:34.730 12:36:34.730  GPGGA 193651.000 3753.5360000 -12218.4389000 1 20 0.00 13.82 0.00 0.000 0 
12:36:35.727 12:36:35.727  GPGGA 193652.000 3753.5516000 -12218.4384000 1 20 0.00 13.62 0.00 0.000 9 
12:36:36.730 12:36:36.730  GPGGA 193653.000 3753.5673000 -12218.4388000 1 20 0.00 13.44 0.00 0.000 0 
12:36:37.729 12:36:37.729  GPGGA 193654.000 3753.5831000 -12218.4400000 1 20 0.00 13.07 0.00 0.000 0 
12:36:38.728 12:36:38.728  GPGGA 193655.000 3753.5991000 -12218.4424000 1 20 0.00 12.68 0.00 0.000 0 
12:36:39.729 12:36:39.729  GPGGA 193656.000 3753.6152000 -12218.4457000 1 20 0.00 12.25 0.00 0.000 1 
12:36:40.746 12:36:40.746  GPGGA 193657.000 3753.6313000 -12218.4503000 1 20 0.00 11.81 0.00 0.000 0 
12:36:41.730 12:36:41.730  GPGGA 193658.000 3753.6472000 -12218.4562000 1 19 0.00 11.47 0.00 0.000 2 
12:36:42.729 12:36:42.729  GPGGA 193659.000 3753.6629000 -12218.4626000 1 20 0.00 11.08 0.00 0.000 0 
12:36:43.729 12:36:43.730  GPGGA 193700.000 3753.6786000 -12218.4690000 1 20 0.00 10.55 0.00 0.000 0 
12:36:44.729 12:36:44.729  GPGGA 193701.000 3753.6944000 -12218.4755000 1 19 0.00 9.89 0.00 0.000 3 
12:36:45.729 12:36:45.729  GPGGA 193702.000 3753.7101000 -12218.4820000 1 18 0.00 9.25 0.00 0.000 3 
12:36:46.739 12:36:46.739  GPGGA 193703.000 3753.7259000 -12218.4884000 1 18 0.00 8.54 0.00 0.000 3 
12:36:47.732 12:36:47.733  GPGGA 193704.000 3753.7416000 -12218.4949000 1 19 0.00 7.93 0.00 0.000 32 
12:36:48.742 12:36:48.742  GPGGA 193705.000 3753.7574000 -12218.5013000 1 19 0.00 7.39 0.00 0.000 31 
12:36:49.738 12:36:49.738  GPGGA 193706.000 3753.7731000 -12218.5077000 1 19 0.00 6.72 0.00 0.000 3 
12:36:50.742 12:36:50.742  GPGGA 193707.000 3753.7888000 -12218.5142000 1 19 0.00 6.03 0.00 0.000 30 
12:36:51.735 12:36:51.735  GPGGA 193708.000 3753.8045000 -12218.5206000 1 19 0.00 5.32 0.00 0.000 3 
12:36:52.746 12:36:52.746  GPGGA 193709.000 3753.8202000 -12218.5271000 1 19 0.00 4.67 0.00 0.000 3 
12:36:53.743 12:36:53.743  GPGGA 193710.000 3753.8359000 -12218.5335000 1 20 0.00 3.98 0.00 0.000 31 
12:36:54.730 12:36:54.730  GPGGA 193711.000 3753.8516000 -12218.5400000 1 20 0.00 3.31 0.00 0.000 3 
12:36:55.741 12:36:55.741  GPGGA 193712.000 3753.8673000 -12218.5464000 1 20 0.00 2.72 0.00 0.000 38 
12:36:56.730 12:36:56.730  GPGGA 193713.000 3753.8829000 -12218.5527000 1 20 0.00 2.31 0.00 0.000 39 
12:36:57.751 12:36:57.752  GPGGA 193714.000 3753.8986000 -12218.5591000 1 20 0.00 2.06 0.00 0.000 33 
12:36:58.748 12:36:58.748  GPGGA 193715.000 3753.9142000 -12218.5653000 1 20 0.00 1.96 0.00 0.000 34 
12:36:59.748 12:36:59.748  GPGGA 193716.000 3753.9298000 -12218.5718000 1 20 0.00 2.07 0.00 0.000 36 
12:37:00.739 12:37:00.739  GPGGA 193717.000 3753.9453000 -12218.5786000 1 20 0.00 2.39 0.00 0.000 3 
12:37:01.739 12:37:01.739  GPGGA 193718.000 3753.9606000 -12218.5858000 1 20 0.00 2.77 0.00 0.000 37 
12:37:02.729 12:37:02.729  GPGGA 193719.000 3753.9758000 -12218.5935000 1 20 0.00 3.29 0.00 0.000 3 
12:37:03.745 12:37:03.745  GPGGA 193720.000 3753.9909000 -12218.6016000 1 20 0.00 3.88 0.00 0.000 3 
12:37:04.730 12:37:04.730  GPGGA 193721.000 3754.0058000 -12218.6101000 1 20 0.00 4.45 0.00 0.000 3 
12:37:05.729 12:37:05.729  GPGGA 193722.000 3754.0207000 -12218.6191000 1 20 0.00 5.08 0.00 0.000 35 
12:37:06.748 12:37:06.748  GPGGA 193723.000 3754.0354000 -12218.6283000 1 20 0.00 5.80 0.00 0.000 33 
12:37:07.732 12:37:07.733  GPGGA 193724.000 3754.0500000 -12218.6379000 1 20 0.00 6.39 0.00 0.000 36 
12:37:08.753 12:37:08.753  GPGGA 193725.000 3754.0645000 -12218.6478000 1 20 0.00 6.85 0.00 0.000 34 
12:37:09.734 12:37:09.734  GPGGA 193726.000 3754.0790000 -12218.6578000 1 20 0.00 7.25 0.00 0.000 34 
12:37:10.751 12:37:10.751  GPGGA 193727.000 3754.0937000 -12218.6680000 1 20 0.00 7.40 0.00 0.000 31 
12:37:11.747 12:37:11.747  GPGGA 193728.000 3754.1086000 -12218.6782000 1 20 0.00 7.37 0.00 0.000 3 
12:37:12.731 12:37:12.731  GPGGA 193729.000 3754.1237000 -12218.6885000 1 20 0.00 7.27 0.00 0.000 3 
12:37:13.752 12:37:13.752  GPGGA 193730.000 3754.1390000 -12218.6989000 1 20 0.00 7.12 0.00 0.000 30 
12:37:14.730 12:37:14.730  GPGGA 193731.000 3754.1544000 -12218.7094000 1 20 0.00 6.87 0.00 0.000 37 
12:37:15.748 12:37:15.748  GPGGA 193732.000 3754.1699000 -12218.7200000 1 20 0.00 6.68 0.00 0.000 39 
12:37:16.754 12:37:16.754  GPGGA 193733.000 3754.1854000 -12218.7307000 1 20 0.00 6.64 0.00 0.000 3 
12:37:17.740 12:37:17.740  GPGGA 193734.000 3754.2007000 -12218.7413000 1 20 0.00 6.90 0.00 0.000 3 
12:37:18.733 12:37:18.733  GPGGA 193735.000 3754.2157000 -12218.7519000 1 20 0.00 7.19 0.00 0.000 30 
12:37:19.752 12:37:19.752  GPGGA 193736.000 3754.2303000 -12218.7622000 1 20 0.00 7.80 0.00 0.000 3 
12:37:20.743 12:37:20.743  GPGGA 193737.000 3754.2441000 -12218.7719000 1 20 0.00 8.50 0.00 0.000 30 
12:37:21.747 12:37:21.747  GPGGA 193738.000 3754.2575000 -12218.7812000 1 20 0.00 9.00 0.00 0.000 39 
12:37:22.750 12:37:22.750  GPGGA 193739.000 3754.2707000 -12218.7905000 1 20 0.00 9.58 0.00 0.000 35 
12:37:23.742 12:37:23.742  GPGGA 193740.000 3754.2837000 -12218.7995000 1 20 0.00 9.55 0.00 0.000 33 
12:37:24.751 12:37:24.751  GPGGA 193741.000 3754.2968000 -12218.8085000 1 20 0.00 9.26 0.00 0.000 3 
12:37:25.733 12:37:25.733  GPGGA 193742.000 3754.3099000 -12218.8175000 1 20 0.00 8.66 0.00 0.000 34 
12:37:26.736 12:37:26.736  GPGGA 193743.000 3754.3231000 -12218.8265000 1 20 0.00 7.86 0.00 0.000 36 
12:37:27.750 12:37:27.750  GPGGA 193744.000 3754.3362000 -12218.8354000 1 20 0.00 7.42 0.00 0.000 3 
12:37:28.733 12:37:28.733  GPGGA 193745.000 3754.3488000 -12218.8440000 1 20 0.00 7.07 0.00 0.000 3 
12:37:29.738 12:37:29.738  GPGGA 193746.000 3754.3614000 -12218.8525000 1 20 0.00 6.57 0.00 0.000 3 
12:37:30.742 12:37:30.742  GPGGA 193747.000 3754.3739000 -12218.8610000 1 20 0.00 5.78 0.00 0.000 3 
12:37:31.734 12:37:31.734  GPGGA 193748.000 3754.3867000 -12218.8696000 1 20 0.00 4.82 0.00 0.000 3 
12:37:32.733 12:37:32.733  GPGGA 193749.000 3754.3997000 -12218.8785000 1 20 0.00 3.83 0.00 0.000 31 
12:37:33.731 12:37:33.731  GPGGA 193750.000 3754.4128000 -12218.8873000 1 19 0.00 3.20 0.00 0.000 37 
12:37:34.741 12:37:34.741  GPGGA 193751.000 3754.4259000 -12218.8962000 1 20 0.00 2.77 0.00 0.000 3 
12:37:35.751 12:37:35.751  GPGGA 193752.000 3754.4391000 -12218.9051000 1 20 0.00 2.36 0.00 0.000 30 
12:37:36.745 12:37:36.745  GPGGA 193753.000 3754.4524000 -12218.9142000 1 20 0.00 2.11 0.00 0.000 3 
12:37:37.747 12:37:37.747  GPGGA 193754.000 3754.4660000 -12218.9235000 1 20 0.00 1.88 0.00 0.000 3 
12:37:38.752 12:37:38.752  GPGGA 193755.000 3754.4798000 -12218.9329000 1 20 0.00 1.73 0.00 0.000 34 
12:37:39.737 12:37:39.737  GPGGA 193756.000 3754.4938000 -12218.9424000 1 20 0.00 1.93 0.00 0.000 37 
12:37:40.745 12:37:40.745  GPGGA 193757.000 3754.5078000 -12218.9520000 1 20 0.00 2.38 0.00 0.000 3 
12:37:41.748 12:37:41.748  GPGGA 193758.000 3754.5219000 -12218.9616000 1 20 0.00 3.03 0.00 0.000 38 
12:37:42.731 12:37:42.731  GPGGA 193759.000 3754.5358000 -12218.9710000 1 20 0.00 3.87 0.00 0.000 36 
12:37:43.743 12:37:43.743  GPGGA 193800.000 3754.5495000 -12218.9803000 1 20 0.00 4.65 0.00 0.000 35 
12:37:44.749 12:37:44.749  GPGGA 193801.000 3754.5633000 -12218.9892000 1 20 0.00 5.31 0.00 0.000 32 
12:37:45.745 12:37:45.745  GPGGA 193802.000 3754.5773000 -12218.9978000 1 20 0.00 5.73 0.00 0.000 37 
12:37:46.732 12:37:46.732  GPGGA 193803.000 3754.5915000 -12219.0057000 1 20 0.00 6.21 0.00 0.000 30 
12:37:47.754 12:37:47.754  GPGGA 193804.000 3754.6059000 -12219.0130000 1 20 0.00 6.80 0.00 0.000 3 
12:37:48.751 12:37:48.751  GPGGA 193805.000 3754.6204000 -12219.0194000 1 20 0.00 7.43 0.00 0.000 35 
12:37:49.733 12:37:49.733  GPGGA 193806.000 3754.6349000 -12219.0250000 1 20 0.00 8.05 0.00 0.000 38 
12:37:50.733 12:37:50.733  GPGGA 193807.000 3754.6493000 -12219.0296000 1 20 0.00 8.54 0.00 0.000 37 
12:37:51.754 12:37:51.754  GPGGA 193808.000 3754.6634000 -12219.0333000 1 20 0.00 9.07 0.00 0.000 3 
12:37:52.733 12:37:52.733  GPGGA 193809.000 3754.6774000 -12219.0363000 1 20 0.00 9.49 0.00 0.000 35 
12:37:53.733 12:37:53.733  GPGGA 193810.000 3754.6915000 -12219.0384000 1 20 0.00 9.70 0.00 0.000 37 
12:37:54.734 12:37:54.734  GPGGA 193811.000 3754.7056000 -12219.0396000 1 20 0.00 9.74 0.00 0.000 3 
12:37:55.741 12:37:55.741  GPGGA 193812.000 3754.7201000 -12219.0401000 1 20 0.00 9.62 0.00 0.000 33 
12:37:56.751 12:37:56.751  GPGGA 193813.000 3754.7347000 -12219.0402000 1 20 0.00 9.46 0.00 0.000 34 
12:37:57.744 12:37:57.744  GPGGA 193814.000 3754.7495000 -12219.0401000 1 20 0.00 9.48 0.00 0.000 36 
12:37:58.750 12:37:58.750  GPGGA 193815.000 3754.7643000 -12219.0400000 1 20 0.00 9.54 0.00 0.000 32 
12:37:59.735 12:37:59.735  GPGGA 193816.000 3754.7788000 -12219.0400000 1 20 0.00 9.83 0.00 0.000 3 
12:38:00.750 12:38:00.750  GPGGA 193817.000 3754.7930000 -12219.0401000 1 20 0.00 10.26 0.00 0.000 7 
12:38:01.735 12:38:01.735  GPGGA 193818.000 3754.8070000 -12219.0402000 1 20 0.00 10.78 0.00 0.000 2 
12:38:02.741 12:38:02.741  GPGGA 193819.000 3754.8206000 -12219.0402000 1 20 0.00 11.25 0.00 0.000 9 
12:38:03.739 12:38:03.739  GPGGA 193820.000 3754.8341000 -12219.0403000 1 20 0.00 11.56 0.00 0.000 4 
12:38:04.746 12:38:04.747  GPGGA 193821.000 3754.8475000 -12219.0403000 1 20 0.00 11.77 0.00 0.000 6 
12:38:05.736 12:38:05.736  GPGGA 193822.000 3754.8609000 -12219.0403000 1 20 0.00 11.97 0.00 0.000 2 
12:38:06.743 12:38:06.743  GPGGA 193823.000 3754.8741000 -12219.0402000 1 20 0.00 12.22 0.00 0.000 2 
12:38:07.740 12:38:07.741  GPGGA 193824.000 3754.8873000 -12219.0400000 1 20 0.00 12.42 0.00 0.000 0 
12:38:08.742 12:38:08.742  GPGGA 193825.000 3754.9006000 -12219.0400000 1 20 0.00 12.31 0.00 0.000 1 
12:38:09.734 12:38:09.734  GPGGA 193826.000 3754.9139000 -12219.0400000 1 20 0.00 12.27 0.00 0.000 8 
12:38:10.744 12:38:10.744  GPGGA 193827.000 3754.9272000 -12219.0401000 1 20 0.00 12.22 0.00 0.000 1 
12:38:11.735 12:38:11.735  GPGGA 193828.000 3754.9405000 -12219.0401000 1 20 0.00 12.27 0.00 0.000 0 
12:38:12.744 12:38:12.744  GPGGA 193829.000 3754.9537000 -12219.0401000 1 20 0.00 12.35 0.00 0.000 0 
12:38:13.742 12:38:13.742  GPGGA 193830.000 3754.9670000 -12219.0402000 1 20 0.00 12.34 0.00 0.000 5 
12:38:14.751 12:38:14.751  GPGGA 193831.000 3754.9804000 -12219.0403000 1 20 0.00 12.29 0.00 0.000 4 
12:38:15.753 12:38:15.753  GPGGA 193832.000 3754.9938000 -12219.0403000 1 20 0.00 12.39 0.00 0.000 8 
12:38:16.737 12:38:16.737  GPGGA 193833.000 3755.0074000 -12219.0403000 1 20 0.00 12.34 0.00 0.000 0 
12:38:17.744 12:38:17.744  GPGGA 193834.000 3755.0211000 -12219.0403000 1 20 0.00 12.34 0.00 0.000 0 
12:38:18.752 12:38:18.752  GPGGA 193835.000 3755.0348000 -12219.0403000 1 20 0.00 12.43 0.00 0.000 7 
12:38:19.738 12:38:19.738  GPGGA 193836.000 3755.0485000 -12219.0402000 1 20 0.00 12.78 0.00 0.000 0 
12:38:20.745 12:38:20.745  GPGGA 193837.000 3755.0620000 -12219.0401000 1 20 0.00 13.12 0.00 0.000 9 
12:38:21.746 12:38:21.746  GPGGA 193838.000 3755.0753000 -12219.0402000 1 20 0.00 13.41 0.00 0.000 6 
12:38:22.737 12:38:22.737  GPGGA 193839.000 3755.0885000 -12219.0402000 1 20 0.00 13.82 0.00 0.000 0 
12:38:23.745 12:38:23.745  GPGGA 193840.000 3755.1018000 -12219.0403000 1 20 0.00 13.99 0.00 0.000 4 
12:38:24.754 12:38:24.754  GPGGA 193841.000 3755.1151000 -12219.0404000 1 20 0.00 14.11 0.00 0.000 9 
12:38:25.756 12:38:25.756  GPGGA 193842.000 3755.1286000 -12219.0404000 1 20 0.00 14.30 0.00 0.000 0 
12:38:26.741 12:38:26.741  GPGGA 193843.000 3755.1420000 -12219.0408000 1 20 0.00 14.65 0.00 0.000 7 
12:38:27.753 12:38:27.753  GPGGA 193844.000 3755.1557000 -12219.0416000 1 20 0.00 14.72 0.00 0.000 8 
12:38:28.736 12:38:28.736  GPGGA 193845.000 3755.1695000 -12219.0430000 1 20 0.00 14.73 0.00 0.000 1 
12:38:29.736 12:38:29.736  GPGGA 193846.000 3755.1833000 -12219.0452000 1 20 0.00 15.03 0.00 0.000 2 
12:38:30.739 12:38:30.739  GPGGA 193847.000 3755.1971000 -12219.0479000 1 20 0.00 15.30 0.00 0.000 0 
12:38:31.754 12:38:31.754  GPGGA 193848.000 3755.2107000 -12219.0513000 1 20 0.00 15.71 0.00 0.000 0 
12:38:32.755 12:38:32.755  GPGGA 193849.000 3755.2243000 -12219.0551000 1 20 0.00 15.91 0.00 0.000 0 
12:38:33.751 12:38:33.751  GPGGA 193850.000 3755.2377000 -12219.0595000 1 20 0.00 16.21 0.00 0.000 4 
12:38:34.736 12:38:34.736  GPGGA 193851.000 3755.2508000 -12219.0644000 1 20 0.00 16.52 0.00 0.000 0 
12:38:35.736 12:38:35.736  GPGGA 193852.000 3755.2638000 -12219.0697000 1 20 0.00 16.77 0.00 0.000 0 
12:38:36.749 12:38:36.749  GPGGA 193853.000 3755.2764000 -12219.0755000 1 20 0.00 16.89 0.00 0.000 0 
12:38:37.743 12:38:37.743  GPGGA 193854.000 3755.2888000 -12219.0818000 1 20 0.00 16.85 0.00 0.000 0 
12:38:38.752 12:38:38.752  GPGGA 193855.000 3755.3009000 -12219.0886000 1 20 0.00 16.79 0.00 0.000 8 
12:38:39.745 12:38:39.745  GPGGA 193856.000 3755.3129000 -12219.0958000 1 20 0.00 16.43 0.00 0.000 3 
12:38:40.751 12:38:40.751  GPGGA 193857.000 3755.3246000 -12219.1033000 1 20 0.00 16.13 0.00 0.000 8 
12:38:41.736 12:38:41.736  GPGGA 193858.000 3755.3362000 -12219.1108000 1 20 0.00 15.89 0.00 0.000 9 
12:38:42.756 12:38:42.756  GPGGA 193859.000 3755.3476000 -12219.1185000 1 20 0.00 15.60 0.00 0.000 8 
12:38:43.748 12:38:43.748  GPGGA 193900.000 3755.3588000 -12219.1261000 1 20 0.00 15.44 0.00 0.000 0 
12:38:44.745 12:38:44.745  GPGGA 193901.000 3755.3699000 -12219.1335000 1 20 0.00 15.65 0.00 0.000 0 
12:38:45.753 12:38:45.753  GPGGA 193902.000 3755.3808000 -12219.1409000 1 20 0.00 15.57 0.00 0.000 7 
12:38:46.743 12:38:46.743  GPGGA 193903.000 3755.3919000 -12219.1483000 1 20 0.00 15.47 0.00 0.000 4 
12:38:47.753 12:38:47.753  GPGGA 193904.000 3755.4031000 -12219.1558000 1 20 0.00 15.31 0.00 0.000 1 
12:38:48.754 12:38:48.754  GPGGA 193905.000 3755.4145000 -12219.1633000 1 20 0.00 15.11 0.00 0.000 0 
12:38:49.746 12:38:49.746  GPGGA 193906.000 3755.4261000 -12219.1709000 1 20 0.00 15.01 0.00 0.000 1 
12:38:50.747 12:38:50.747  GPGGA 193907.000 3755.4379000 -12219.1786000 1 20 0.00 15.06 0.00 0.000 8 
12:38:51.747 12:38:51.747  GPGGA 193908.000 3755.4499000 -12219.1865000 1 20 0.00 15.27 0.00 0.000 0 
12:38:52.746 12:38:52.746  GPGGA 193909.000 3755.4621000 -12219.1946000 1 20 0.00 15.62 0.00 0.000 0 
12:38:53.739 12:38:53.739  GPGGA 193910.000 3755.4743000 -12219.2027000 1 20 0.00 16.06 0.00 0.000 0 
12:38:54.739 12:38:54.739  GPGGA 193911.000 3755.4864000 -12219.2108000 1 20 0.00 16.72 0.00 0.000 0 
12:38:55.740 12:38:55.740  GPGGA 193912.000 3755.4983000 -12219.2187000 1 20 0.00 17.46 0.00 0.000 1 
12:38:56.739 12:38:56.739  GPGGA 193913.000 3755.5099000 -12219.2266000 1 20 0.00 18.24 0.00 0.000 4 
12:38:57.747 12:38:57.747  GPGGA 193914.000 3755.5212000 -12219.2344000 1 20 0.00 18.77 0.00 0.000 5 
12:38:58.738 12:38:58.738  GPGGA 193915.000 3755.5322000 -12219.2422000 1 20 0.00 19.33 0.00 0.000 0 
12:38:59.738 12:38:59.738  GPGGA 193916.000 3755.5429000 -12219.2497000 1 20 0.00 19.90 0.00 0.000 8 
12:39:00.747 12:39:00.747  GPGGA 193917.000 3755.5534000 -12219.2571000 1 20 0.00 20.20 0.00 0.000 0 
12:39:01.739 12:39:01.739  GPGGA 193918.000 3755.5638000 -12219.2644000 1 20 0.00 20.40 0.00 0.000 0 
12:39:02.741 12:39:02.741  GPGGA 193919.000 3755.5740000 -12219.2715000 1 20 0.00 20.44 0.00 0.000 1 
12:39:03.750 12:39:03.750  GPGGA 193920.000 3755.5842000 -12219.2785000 1 20 0.00 20.38 0.00 0.000 4 
12:39:04.752 12:39:04.752  GPGGA 193921.000 3755.5943000 -12219.2856000 1 20 0.00 20.05 0.00 0.000 0 
12:39:05.739 12:39:05.739  GPGGA 193922.000 3755.6047000 -12219.2929000 1 20 0.00 19.53 0.00 0.000 7 
12:39:06.765 12:39:06.765  GPGGA 193923.000 3755.6152000 -12219.3003000 1 20 0.00 18.99 0.00 0.000 4 
12:39:07.742 12:39:07.742  GPGGA 193924.000 3755.6259000 -12219.3080000 1 20 0.00 18.23 0.00 0.000 1 
12:39:08.750 12:39:08.750  GPGGA 193925.000 3755.6369000 -12219.3161000 1 20 0.00 17.50 0.00 0.000 7 
12:39:09.746 12:39:09.746  GPGGA 193926.000 3755.6482000 -12219.3244000 1 20 0.00 16.80 0.00 0.000 0 
12:39:10.752 12:39:10.752  GPGGA 193927.000 3755.6596000 -12219.3329000 1 20 0.00 16.25 0.00 0.000 0 
12:39:11.739 12:39:11.739  GPGGA 193928.000 3755.6712000 -12219.3416000 1 20 0.00 15.91 0.00 0.000 8 
12:39:12.756 12:39:12.756  GPGGA 193929.000 3755.6830000 -12219.3505000 1 20 0.00 15.62 0.00 0.000 9 
12:39:13.740 12:39:13.740  GPGGA 193930.000 3755.6950000 -12219.3596000 1 20 0.00 15.52 0.00 0.000 0 
12:39:14.740 12:39:14.740  GPGGA 193931.000 3755.7070000 -12219.3687000 1 20 0.00 15.55 0.00 0.000 0 
12:39:15.740 12:39:15.740  GPGGA 193932.000 3755.7192000 -12219.3778000 1 20 0.00 15.67 0.00 0.000 0 
12:39:16.740 12:39:16.740  GPGGA 193933.000 3755.7315000 -12219.3869000 1 20 0.00 15.93 0.00 0.000 6 
12:39:17.740 12:39:17.740  GPGGA 193934.000 3755.7439000 -12219.3961000 1 20 0.00 16.28 0.00 0.000 2 
12:39:18.740 12:39:18.740  GPGGA 193935.000 3755.7564000 -12219.4054000 1 20 0.00 16.76 0.00 0.000 9 
12:39:19.741 12:39:19.741  GPGGA 193936.000 3755.7689000 -12219.4148000 1 20 0.00 17.13 0.00 0.000 4 
12:39:20.741 12:39:20.741  GPGGA 193937.000 3755.7814000 -12219.4243000 1 20 0.00 17.76 0.00 0.000 4 
12:39:21.763 12:39:21.763  GPGGA 193938.000 3755.7938000 -12219.4336000 1 20 0.00 18.58 0.00 0.000 4 
12:39:22.763 12:39:22.763  GPGGA 193939.000 3755.8060000 -12219.4428000 1 20 0.00 19.54 0.00 0.000 0 
12:39:23.741 12:39:23.741  GPGGA 193940.000 3755.8179000 -12219.4517000 1 20 0.00 20.52 0.00 0.000 0 
12:39:24.740 12:39:24.740  GPGGA 193941.000 3755.8297000 -12219.4605000 1 20 0.00 21.27 0.00 0.000 0 
12:39:25.743 12:39:25.743  GPGGA 193942.000 3755.8414000 -12219.4693000 1 20 0.00 21.92 0.00 0.000 3 
12:39:26.750 12:39:26.750  GPGGA 193943.000 3755.8531000 -12219.4779000 1 20 0.00 22.70 0.00 0.000 0 
12:39:27.768 12:39:27.768  GPGGA 193944.000 3755.8646000 -12219.4864000 1 20 0.00 23.42 0.00 0.000 9 
12:39:28.757 12:39:28.757  GPGGA 193945.000 3755.8760000 -12219.4948000 1 20 0.00 24.10 0.00 0.000 2 
12:39:29.760 12:39:29.760  GPGGA 193946.000 3755.8872000 -12219.5029000 1 20 0.00 24.88 0.00 0.000 3 
12:39:30.751 12:39:30.751  GPGGA 193947.000 3755.8984000 -12219.5108000 1 20 0.00 25.28 0.00 0.000 3 
12:39:31.759 12:39:31.759  GPGGA 193948.000 3755.9094000 -12219.5187000 1 20 0.00 25.47 0.00 0.000 0 
12:39:32.753 12:39:32.753  GPGGA 193949.000 3755.9206000 -12219.5266000 1 20 0.00 25.45 0.00 0.000 0 
12:39:33.741 12:39:33.741  GPGGA 193950.000 3755.9318000 -12219.5345000 1 20 0.00 25.31 0.00 0.000 8 
12:39:34.741 12:39:34.741  GPGGA 193951.000 3755.9431000 -12219.5425000 1 20 0.00 25.09 0.00 0.000 0 
12:39:35.745 12:39:35.745  GPGGA 193952.000 3755.9545000 -12219.5505000 1 20 0.00 24.89 0.00 0.000 4 
12:39:36.742 12:39:36.742  GPGGA 193953.000 3755.9656000 -12219.5585000 1 20 0.00 24.72 0.00 0.000 8 
12:39:37.758 12:39:37.758  GPGGA 193954.000 3755.9768000 -12219.5663000 1 20 0.00 24.73 0.00 0.000 9 
12:39:38.743 12:39:38.743  GPGGA 193955.000 3755.9881000 -12219.5737000 1 20 0.00 24.43 0.00 0.000 3 
12:39:39.744 12:39:39.744  GPGGA 193956.000 3755.9997000 -12219.5806000 1 20 0.00 24.02 0.00 0.000 0 
12:39:40.757 12:39:40.757  GPGGA 193957.000 3756.0116000 -12219.5869000 1 20 0.00 23.58 0.00 0.000 5 
12:39:41.764 12:39:41.764  GPGGA 193958.000 3756.0238000 -12219.5925000 1 20 0.00 23.39 0.00 0.000 0 
12:39:42.740 12:39:42.740  GPGGA 193959.000 3756.0365000 -12219.5972000 1 19 0.00 23.06 0.00 0.000 7 
12:39:43.742 12:39:43.742  GPGGA 194000.000 3756.0496000 -12219.6012000 1 20 0.00 22.94 0.00 0.000 2 
12:39:44.750 12:39:44.750  GPGGA 194001.000 3756.0630000 -12219.6043000 1 20 0.00 22.93 0.00 0.000 0 
12:39:45.751 12:39:45.751  GPGGA 194002.000 3756.0768000 -12219.6063000 1 20 0.00 22.95 0.00 0.000 5 
12:39:46.747 12:39:46.747  GPGGA 194003.000 3756.0907000 -12219.6074000 1 20 0.00 23.23 0.00 0.000 9 
12:39:47.742 12:39:47.742  GPGGA 194004.000 3756.1046000 -12219.6075000 1 20 0.00 23.63 0.00 0.000 6 
12:39:48.741 12:39:48.741  GPGGA 194005.000 3756.1183000 -12219.6066000 1 20 0.00 24.01 0.00 0.000 0 
12:39:49.754 12:39:49.754  GPGGA 194006.000 3756.1318000 -12219.6048000 1 20 0.00 24.42 0.00 0.000 6 
12:39:50.751 12:39:50.751  GPGGA 194007.000 3756.1450000 -12219.6021000 1 20 0.00 24.97 0.00 0.000 0 
12:39:51.760 12:39:51.760  GPGGA 194008.000 3756.1576000 -12219.5986000 1 20 0.00 25.69 0.00 0.000 6 
12:39:52.753 12:39:52.753  GPGGA 194009.000 3756.1698000 -12219.5944000 1 20 0.00 26.21 0.00 0.000 5 
12:39:53.746 12:39:53.746  GPGGA 194010.000 3756.1818000 -12219.5896000 1 20 0.00 26.64 0.00 0.000 4 
12:39:54.753 12:39:54.753  GPGGA 194011.000 3756.1934000 -12219.5842000 1 20 0.00 26.98 0.00 0.000 0 
12:39:55.753 12:39:55.753  GPGGA 194012.000 3756.2050000 -12219.5785000 1 20 0.00 27.14 0.00 0.000 0 
12:39:56.746 12:39:56.746  GPGGA 194013.000 3756.2167000 -12219.5726000 1 20 0.00 27.05 0.00 0.000 7 
12:39:57.754 12:39:57.754  GPGGA 194014.000 3756.2285000 -12219.5666000 1 20 0.00 26.89 0.00 0.000 0 
12:39:58.752 12:39:58.752  GPGGA 194015.000 3756.2403000 -12219.5607000 1 20 0.00 26.72 0.00 0.000 5 
12:39:59.744 12:39:59.744  GPGGA 194016.000 3756.2520000 -12219.5547000 1 20 0.00 26.80 0.00 0.000 0 
12:40:00.743 12:40:00.743  GPGGA 194017.000 3756.2636000 -12219.5489000 1 20 0.00 26.94 0.00 0.000 0 
12:40:01.751 12:40:01.751  GPGGA 194018.000 3756.2752000 -12219.5430000 1 20 0.00 26.97 0.00 0.000 2 
12:40:02.753 12:40:02.753  GPGGA 194019.000 3756.2868000 -12219.5371000 1 20 0.00 26.87 0.00 0.000 6 
12:40:03.753 12:40:03.753  GPGGA 194020.000 3756.2986000 -12219.5311000 1 20 0.00 26.61 0.00 0.000 3 
12:40:04.762 12:40:04.762  GPGGA 194021.000 3756.3105000 -12219.5250000 1 20 0.00 26.32 0.00 0.000 2 
12:40:05.753 12:40:05.753  GPGGA 194022.000 3756.3224000 -12219.5188000 1 20 0.00 26.19 0.00 0.000 0 
12:40:06.766 12:40:06.766  GPGGA 194023.000 3756.3344000 -12219.5127000 1 20 0.00 26.07 0.00 0.000 2 
12:40:07.755 12:40:07.755  GPGGA 194024.000 3756.3465000 -12219.5065000 1 20 0.00 25.70 0.00 0.000 5 
12:40:08.746 12:40:08.746  GPGGA 194025.000 3756.3589000 -12219.5001000 1 20 0.00 25.24 0.00 0.000 4 
12:40:09.756 12:40:09.756  GPGGA 194026.000 3756.3715000 -12219.4936000 1 20 0.00 24.87 0.00 0.000 4 
12:40:10.744 12:40:10.745  GPGGA 194027.000 3756.3842000 -12219.4871000 1 20 0.00 24.57 0.00 0.000 7 
12:40:11.749 12:40:11.749  GPGGA 194028.000 3756.3969000 -12219.4805000 1 20 0.00 24.40 0.00 0.000 5 
12:40:12.751 12:40:12.751  GPGGA 194029.000 3756.4096000 -12219.4741000 1 20 0.00 24.27 0.00 0.000 4 
12:40:13.758 12:40:13.758  GPGGA 194030.000 3756.4223000 -12219.4676000 1 20 0.00 24.20 0.00 0.000 2 
12:40:14.745 12:40:14.745  GPGGA 194031.000 3756.4350000 -12219.4611000 1 20 0.00 24.00 0.00 0.000 5 
12:40:15.744 12:40:15.744  GPGGA 194032.000 3756.4477000 -12219.4546000 1 20 0.00 23.96 0.00 0.000 0 
12:40:16.765 12:40:16.765  GPGGA 194033.000 3756.4604000 -12219.4482000 1 20 0.00 24.04 0.00 0.000 0 
12:40:17.745 12:40:17.745  GPGGA 194034.000 3756.4733000 -12219.4421000 1 20 0.00 23.96 0.00 0.000 8 
12:40:18.754 12:40:18.754  GPGGA 194035.000 3756.4863000 -12219.4367000 1 20 0.00 23.98 0.00 0.000 8 
12:40:19.755 12:40:19.755  GPGGA 194036.000 3756.4997000 -12219.4319000 1 20 0.00 23.60 0.00 0.000 0 
12:40:20.766 12:40:20.766  GPGGA 194037.000 3756.5134000 -12219.4278000 1 20 0.00 23.28 0.00 0.000 4 
12:40:21.745 12:40:21.745  GPGGA 194038.000 3756.5273000 -12219.4244000 1 20 0.00 22.96 0.00 0.000 0 
12:40:22.762 12:40:22.762  GPGGA 194039.000 3756.5415000 -12219.4219000 1 20 0.00 22.50 0.00 0.000 5 
12:40:23.755 12:40:23.755  GPGGA 194040.000 3756.5558000 -12219.4203000 1 20 0.00 22.34 0.00 0.000 0 
12:40:24.753 12:40:24.753  GPGGA 194041.000 3756.5700000 -12219.4196000 1 20 0.00 22.10 0.00 0.000 0 
12:40:25.765 12:40:25.765  GPGGA 194042.000 3756.5839000 -12219.4196000 1 20 0.00 22.18 0.00 0.000 3 
12:40:26.755 12:40:26.755  GPGGA 194043.000 3756.5978000 -12219.4205000 1 20 0.00 22.04 0.00 0.000 2 
12:40:27.756 12:40:27.756  GPGGA 194044.000 3756.6114000 -12219.4220000 1 18 0.00 21.99 0.00 0.000 0 
12:40:28.753 12:40:28.753  GPGGA 194045.000 3756.6250000 -12219.4243000 1 18 0.00 21.89 0.00 0.000 9 
12:40:29.760 12:40:29.760  GPGGA 194046.000 3756.6372000 -12219.4274000 1 18 0.00 23.37 0.00 0.000 8 
12:40:30.744 12:40:30.744  GPGGA 194047.000 3756.6497000 -12219.4314000 1 20 0.00 24.13 0.00 0.000 8 
12:40:31.763 12:40:31.763  GPGGA 194048.000 3756.6617000 -12219.4358000 1 20 0.00 24.78 0.00 0.000 8 
12:40:32.746 12:40:32.746  GPGGA 194049.000 3756.6737000 -12219.4407000 1 20 0.00 25.02 0.00 0.000 0 
12:40:33.747 12:40:33.747  GPGGA 194050.000 3756.6857000 -12219.4461000 1 20 0.00 24.75 0.00 0.000 0 
12:40:34.744 12:40:34.744  GPGGA 194051.000 3756.6978000 -12219.4518000 1 20 0.00 24.45 0.00 0.000 0 
12:40:35.762 12:40:35.762  GPGGA 194052.000 3756.7100000 -12219.4576000 1 20 0.00 24.19 0.00 0.000 0 
12:40:36.753 12:40:36.753  GPGGA 194053.000 3756.7225000 -12219.4635000 1 20 0.00 23.98 0.00 0.000 1 
12:40:37.747 12:40:37.747  GPGGA 194054.000 3756.7352000 -12219.4695000 1 20 0.00 23.61 0.00 0.000 0 
12:40:38.746 12:40:38.746  GPGGA 194055.000 3756.7483000 -12219.4757000 1 20 0.00 23.20 0.00 0.000 0 
12:40:39.764 12:40:39.764  GPGGA 194056.000 3756.7612000 -12219.4820000 1 20 0.00 23.70 0.00 0.000 8 
12:40:40.754 12:40:40.754  GPGGA 194057.000 3756.7737000 -12219.4880000 1 20 0.00 24.34 0.00 0.000 2 
12:40:41.749 12:40:41.749  GPGGA 194058.000 3756.7862000 -12219.4941000 1 20 0.00 24.82 0.00 0.000 3 
12:40:42.764 12:40:42.764  GPGGA 194059.000 3756.7986000 -12219.5000000 1 20 0.00 25.40 0.00 0.000 0 
12:40:43.762 12:40:43.762  GPGGA 194100.000 3756.8108000 -12219.5059000 1 20 0.00 25.92 0.00 0.000 4 
12:40:44.746 12:40:44.746  GPGGA 194101.000 3756.8229000 -12219.5118000 1 20 0.00 26.45 0.00 0.000 8 
12:40:45.757 12:40:45.757  GPGGA 194102.000 3756.8349000 -12219.5175000 1 20 0.00 26.77 0.00 0.000 6 
12:40:46.746 12:40:46.746  GPGGA 194103.000 3756.8470000 -12219.5233000 1 20 0.00 27.13 0.00 0.000 8 
12:40:47.754 12:40:47.754  GPGGA 194104.000 3756.8589000 -12219.5291000 1 20 0.00 27.38 0.00 0.000 9 
12:40:48.766 12:40:48.766  GPGGA 194105.000 3756.8709000 -12219.5349000 1 20 0.00 27.63 0.00 0.000 8 
12:40:49.763 12:40:49.763  GPGGA 194106.000 3756.8829000 -12219.5406000 1 19 0.00 27.86 0.00 0.000 0 
12:40:50.762 12:40:50.762  GPGGA 194107.000 3756.8950000 -12219.5463000 1 20 0.00 27.93 0.00 0.000 8 
12:40:51.747 12:40:51.747  GPGGA 194108.000 3756.9070000 -12219.5520000 1 20 0.00 28.19 0.00 0.000 6 
12:40:52.752 12:40:52.752  GPGGA 194109.000 3756.9191000 -12219.5578000 1 20 0.00 28.42 0.00 0.000 0 
12:40:53.753 12:40:53.753  GPGGA 194110.000 3756.9311000 -12219.5635000 1 18 0.00 28.59 0.00 0.000 3 
12:40:54.755 12:40:54.755  GPGGA 194111.000 3756.9432000 -12219.5693000 1 17 0.00 28.64 0.00 0.000 9 
12:40:55.769 12:40:55.769  GPGGA 194112.000 3756.9551000 -12219.5751000 1 20 0.00 29.09 0.00 0.000 0 
12:40:56.747 12:40:56.747  GPGGA 194113.000 3756.9673000 -12219.5810000 1 20 0.00 29.14 0.00 0.000 0 
12:40:57.747 12:40:57.747  GPGGA 194114.000 3756.9793000 -12219.5867000 1 20 0.00 29.48 0.00 0.000 0 
12:40:58.764 12:40:58.764  GPGGA 194115.000 3756.9914000 -12219.5925000 1 19 0.00 29.85 0.00 0.000 6 
12:40:59.747 12:40:59.747  GPGGA 194116.000 3757.0033000 -12219.5982000 1 20 0.00 30.54 0.00 0.000 2 
12:41:00.756 12:41:00.756  GPGGA 194117.000 3757.0148000 -12219.6037000 1 20 0.00 31.00 0.00 0.000 0 
12:41:01.754 12:41:01.754  GPGGA 194118.000 3757.0263000 -12219.6092000 1 19 0.00 31.42 0.00 0.000 0 
12:41:02.747 12:41:02.747  GPGGA 194119.000 3757.0379000 -12219.6147000 1 18 0.00 31.55 0.00 0.000 9 
12:41:03.749 12:41:03.749  GPGGA 194120.000 3757.0494000 -12219.6202000 1 20 0.00 31.83 0.00 0.000 5 
12:41:04.754 12:41:04.754  GPGGA 194121.000 3757.0610000 -12219.6257000 1 20 0.00 31.85 0.00 0.000 0 
12:41:05.764 12:41:05.764  GPGGA 194122.000 3757.0727000 -12219.6312000 1 19 0.00 31.96 0.00 0.000 2 
12:41:06.766 12:41:06.766  GPGGA 194123.000 3757.0845000 -12219.6368000 1 20 0.00 32.14 0.00 0.000 6 
12:41:07.764 12:41:07.765  GPGGA 194124.000 3757.0964000 -12219.6422000 1 20 0.00 32.37 0.00 0.000 0 
12:41:08.765 12:41:08.765  GPGGA 194125.000 3757.1083000 -12219.6476000 1 20 0.00 32.60 0.00 0.000 8 
12:41:09.758 12:41:09.758  GPGGA 194126.000 3757.1201000 -12219.6530000 1 20 0.00 33.03 0.00 0.000 4 
12:41:10.758 12:41:10.758  GPGGA 194127.000 3757.1320000 -12219.6585000 1 20 0.00 33.28 0.00 0.000 0 
12:41:11.764 12:41:11.764  GPGGA 194128.000 3757.1439000 -12219.6642000 1 20 0.00 33.52 0.00 0.000 5 
12:41:12.791 12:41:12.791  GPGGA 194129.000 3757.1557000 -12219.6702000 1 20 0.00 33.61 0.00 0.000 8 
12:41:13.748 12:41:13.749  GPGGA 194130.000 3757.1677000 -12219.6765000 1 20 0.00 33.75 0.00 0.000 5 
12:41:14.766 12:41:14.766  GPGGA 194131.000 3757.1795000 -12219.6828000 1 20 0.00 33.90 0.00 0.000 4 
12:41:15.764 12:41:15.764  GPGGA 194132.000 3757.1916000 -12219.6893000 1 20 0.00 33.83 0.00 0.000 0 
12:41:16.760 12:41:16.760  GPGGA 194133.000 3757.2037000 -12219.6961000 1 20 0.00 33.59 0.00 0.000 3 
12:41:17.764 12:41:17.764  GPGGA 194134.000 3757.2156000 -12219.7031000 1 19 0.00 33.60 0.00 0.000 0 
12:41:18.749 12:41:18.750  GPGGA 194135.000 3757.2275000 -12219.7101000 1 20 0.00 33.85 0.00 0.000 0 
12:41:19.764 12:41:19.764  GPGGA 194136.000 3757.2391000 -12219.7171000 1 20 0.00 34.21 0.00 0.000 9 
12:41:20.758 12:41:20.758  GPGGA 194137.000 3757.2506000 -12219.7239000 1 20 0.00 34.55 0.00 0.000 0 
12:41:21.765 12:41:21.765  GPGGA 194138.000 3757.2620000 -12219.7307000 1 20 0.00 34.76 0.00 0.000 9 
12:41:22.752 12:41:22.752  GPGGA 194139.000 3757.2732000 -12219.7373000 1 20 0.00 35.04 0.00 0.000 0 
12:41:23.760 12:41:23.760  GPGGA 194140.000 3757.2844000 -12219.7439000 1 19 0.00 35.10 0.00 0.000 0 
12:41:24.764 12:41:24.764  GPGGA 194141.000 3757.2956000 -12219.7505000 1 19 0.00 35.12 0.00 0.000 4 
12:41:25.759 12:41:25.759  GPGGA 194142.000 3757.3068000 -12219.7572000 1 19 0.00 35.13 0.00 0.000 3 
12:41:26.764 12:41:26.764  GPGGA 194143.000 3757.3181000 -12219.7638000 1 20 0.00 35.14 0.00 0.000 4 
12:41:27.758 12:41:27.759  GPGGA 194144.000 3757.3294000 -12219.7705000 1 20 0.00 35.03 0.00 0.000 0 
12:41:28.761 12:41:28.761  GPGGA 194145.000 3757.3408000 -12219.7773000 1 19 0.00 35.14 0.00 0.000 2 
12:41:29.763 12:41:29.763  GPGGA 194146.000 3757.3520000 -12219.7840000 1 19 0.00 35.15 0.00 0.000 4 
12:41:30.748 12:41:30.748  GPGGA 194147.000 3757.3635000 -12219.7908000 1 19 0.00 35.18 0.00 0.000 2 
12:41:31.765 12:41:31.765  GPGGA 194148.000 3757.3747000 -12219.7974000 1 18 0.00 35.27 0.00 0.000 0 
12:41:32.756 12:41:32.756  GPGGA 194149.000 3757.3867000 -12219.8038000 1 20 0.00 34.73 0.00 0.000 6 
12:41:33.759 12:41:33.759  GPGGA 194150.000 3757.3987000 -12219.8096000 1 20 0.00 34.70 0.00 0.000 6 
12:41:34.758 12:41:34.758  GPGGA 194151.000 3757.4108000 -12219.8150000 1 19 0.00 34.94 0.00 0.000 4 
12:41:35.750 12:41:35.750  GPGGA 194152.000 3757.4231000 -12219.8199000 1 20 0.00 34.78 0.00 0.000 3 
12:41:36.767 12:41:36.767  GPGGA 194153.000 3757.4356000 -12219.8242000 1 20 0.00 34.92 0.00 0.000 3 
12:41:37.761 12:41:37.761  GPGGA 194154.000 3757.4483000 -12219.8279000 1 19 0.00 34.87 0.00 0.000 0 
12:41:38.764 12:41:38.764  GPGGA 194155.000 3757.4612000 -12219.8310000 1 20 0.00 34.89 0.00 0.000 0 
12:41:39.760 12:41:39.760  GPGGA 194156.000 3757.4743000 -12219.8335000 1 20 0.00 34.95 0.00 0.000 0 
12:41:40.760 12:41:40.760  GPGGA 194157.000 3757.4874000 -12219.8354000 1 20 0.00 35.11 0.00 0.000 0 
12:41:41.759 12:41:41.759  GPGGA 194158.000 3757.5006000 -12219.8365000 1 20 0.00 35.41 0.00 0.000 4 
12:41:42.752 12:41:42.752  GPGGA 194159.000 3757.5139000 -12219.8369000 1 20 0.00 35.36 0.00 0.000 4 
12:41:43.765 12:41:43.765  GPGGA 194200.000 3757.5273000 -12219.8367000 1 19 0.00 35.51 0.00 0.000 3 
12:41:44.769 12:41:44.769  GPGGA 194201.000 3757.5406000 -12219.8359000 1 19 0.00 35.49 0.00 0.000 2 
12:41:45.751 12:41:45.751  GPGGA 194202.000 3757.5540000 -12219.8345000 1 19 0.00 35.44 0.00 0.000 2 
12:41:46.773 12:41:46.773  GPGGA 194203.000 3757.5673000 -12219.8323000 1 19 0.00 35.20 0.00 0.000 2 
12:41:47.760 12:41:47.760  GPGGA 194204.000 3757.5808000 -12219.8296000 1 20 0.00 34.84 0.00 0.000 0 
12:41:48.751 12:41:48.751  GPGGA 194205.000 3757.5942000 -12219.8262000 1 20 0.00 34.50 0.00 0.000 1 
12:41:49.750 12:41:49.750  GPGGA 194206.000 3757.6075000 -12219.8222000 1 20 0.00 34.12 0.00 0.000 0 
12:41:50.751 12:41:50.751  GPGGA 194207.000 3757.6208000 -12219.8174000 1 20 0.00 33.64 0.00 0.000 1 
12:41:51.765 12:41:51.765  GPGGA 194208.000 3757.6337000 -12219.8120000 1 20 0.00 33.32 0.00 0.000 1 
12:41:52.765 12:41:52.765  GPGGA 194209.000 3757.6464000 -12219.8060000 1 20 0.00 32.83 0.00 0.000 0 
12:41:53.751 12:41:53.751  GPGGA 194210.000 3757.6587000 -12219.7994000 1 20 0.00 32.49 0.00 0.000 0 
12:41:54.763 12:41:54.763  GPGGA 194211.000 3757.6707000 -12219.7923000 1 19 0.00 31.87 0.00 0.000 0 
12:41:55.761 12:41:55.761  GPGGA 194212.000 3757.6825000 -12219.7846000 1 19 0.00 31.37 0.00 0.000 9 
12:41:56.771 12:41:56.771  GPGGA 194213.000 3757.6939000 -12219.7764000 1 19 0.00 30.71 0.00 0.000 8 
12:41:57.764 12:41:57.764  GPGGA 194214.000 3757.7050000 -12219.7677000 1 20 0.00 30.02 0.00 0.000 5 
12:41:58.751 12:41:58.751  GPGGA 194215.000 3757.7159000 -12219.7585000 1 19 0.00 29.17 0.00 0.000 4 
12:41:59.751 12:41:59.751  GPGGA 194216.000 3757.7265000 -12219.7487000 1 20 0.00 28.54 0.00 0.000 4 
12:42:00.752 12:42:00.752  GPGGA 194217.000 3757.7368000 -12219.7384000 1 20 0.00 27.64 0.00 0.000 1 
12:42:01.755 12:42:01.755  GPGGA 194218.000 3757.7468000 -12219.7276000 1 20 0.00 27.03 0.00 0.000 4 
12:42:02.770 12:42:02.770  GPGGA 194219.000 3757.7564000 -12219.7164000 1 19 0.00 26.44 0.00 0.000 0 
12:42:03.762 12:42:03.762  GPGGA 194220.000 3757.7656000 -12219.7046000 1 20 0.00 25.76 0.00 0.000 1 
12:42:04.761 12:42:04.761  GPGGA 194221.000 3757.7744000 -12219.6923000 1 19 0.00 25.30 0.00 0.000 1 
12:42:05.752 12:42:05.752  GPGGA 194222.000 3757.7828000 -12219.6798000 1 19 0.00 24.89 0.00 0.000 0 
12:42:06.754 12:42:06.754  GPGGA 194223.000 3757.7908000 -12219.6667000 1 19 0.00 24.48 0.00 0.000 4 
12:42:07.763 12:42:07.764  GPGGA 194224.000 3757.7984000 -12219.6534000 1 19 0.00 24.25 0.00 0.000 9 
12:42:08.751 12:42:08.751  GPGGA 194225.000 3757.8056000 -12219.6396000 1 19 0.00 24.19 0.00 0.000 0 
12:42:09.770 12:42:09.770  GPGGA 194226.000 3757.8124000 -12219.6256000 1 20 0.00 24.32 0.00 0.000 9 
12:42:10.754 12:42:10.754  GPGGA 194227.000 3757.8192000 -12219.6117000 1 20 0.00 24.30 0.00 0.000 1 
12:42:11.767 12:42:11.767  GPGGA 194228.000 3757.8264000 -12219.5974000 1 20 0.00 23.85 0.00 0.000 3 
12:42:12.766 12:42:12.766  GPGGA 194229.000 3757.8338000 -12219.5828000 1 20 0.00 23.38 0.00 0.000 4 
12:42:13.759 12:42:13.759  GPGGA 194230.000 3757.8413000 -12219.5685000 1 20 0.00 23.54 0.00 0.000 1 
12:42:14.754 12:42:14.754  GPGGA 194231.000 3757.8487000 -12219.5546000 1 20 0.00 23.87 0.00 0.000 0 
12:42:15.754 12:42:15.754  GPGGA 194232.000 3757.8560000 -12219.5407000 1 20 0.00 24.12 0.00 0.000 0 
12:42:16.760 12:42:16.760  GPGGA 194233.000 3757.8633000 -12219.5271000 1 20 0.00 24.39 0.00 0.000 1 
12:42:17.760 12:42:17.760  GPGGA 194234.000 3757.8706000 -12219.5131000 1 20 0.00 24.42 0.00 0.000 0 
12:42:18.764 12:42:18.764  GPGGA 194235.000 3757.8779000 -12219.4993000 1 20 0.00 24.95 0.00 0.000 8 
12:42:19.782 12:42:19.782  GPGGA 194236.000 3757.8852000 -12219.4854000 1 20 0.00 25.43 0.00 0.000 0 
12:42:20.767 12:42:20.767  GPGGA 194237.000 3757.8925000 -12219.4714000 1 20 0.00 25.95 0.00 0.000 0 
12:42:21.773 12:42:21.773  GPGGA 194238.000 3757.9000000 -12219.4572000 1 20 0.00 26.22 0.00 0.000 0 
12:42:22.768 12:42:22.768  GPGGA 194239.000 3757.9076000 -12219.4425000 1 20 0.00 26.38 0.00 0.000 8 
12:42:23.759 12:42:23.759  GPGGA 194240.000 3757.9155000 -12219.4276000 1 20 0.00 26.81 0.00 0.000 4 
12:42:24.772 12:42:24.772  GPGGA 194241.000 3757.9235000 -12219.4128000 1 20 0.00 27.54 0.00 0.000 1 
12:42:25.761 12:42:25.761  GPGGA 194242.000 3757.9318000 -12219.3983000 1 20 0.00 28.55 0.00 0.000 0 
12:42:26.765 12:42:26.765  GPGGA 194243.000 3757.9406000 -12219.3843000 1 20 0.00 29.41 0.00 0.000 0 
12:42:27.771 12:42:27.771  GPGGA 194244.000 3757.9498000 -12219.3708000 1 20 0.00 30.17 0.00 0.000 7 
12:42:28.754 12:42:28.755  GPGGA 194245.000 3757.9596000 -12219.3579000 1 20 0.00 30.82 0.00 0.000 1 
12:42:29.758 12:42:29.758  GPGGA 194246.000 3757.9697000 -12219.3456000 1 20 0.00 31.31 0.00 0.000 5 
12:42:30.758 12:42:30.758  GPGGA 194247.000 3757.9803000 -12219.3341000 1 20 0.00 32.34 0.00 0.000 0 
12:42:31.757 12:42:31.757  GPGGA 194248.000 3757.9912000 -12219.3231000 1 18 0.00 33.15 0.00 0.000 1 
12:42:32.766 12:42:32.766  GPGGA 194249.000 3758.0026000 -12219.3129000 1 18 0.00 34.26 0.00 0.000 5 
12:42:33.768 12:42:33.768  GPGGA 194250.000 3758.0141000 -12219.3033000 1 17 0.00 34.92 0.00 0.000 7 
12:42:34.761 12:42:34.761  GPGGA 194251.000 3758.0261000 -12219.2944000 1 19 0.00 35.49 0.00 0.000 6 
12:42:35.763 12:42:35.763  GPGGA 194252.000 3758.0384000 -12219.2862000 1 19 0.00 36.07 0.00 0.000 3 
12:42:36.775 12:42:36.775  GPGGA 194253.000 3758.0511000 -12219.2786000 1 19 0.00 36.53 0.00 0.000 0 
12:42:37.766 12:42:37.766  GPGGA 194254.000 3758.0640000 -12219.2717000 1 19 0.00 37.48 0.00 0.000 0 
12:42:38.761 12:42:38.761  GPGGA 194255.000 3758.0772000 -12219.2657000 1 18 0.00 38.14 0.00 0.000 0 
12:42:39.769 12:42:39.769  GPGGA 194256.000 3758.0906000 -12219.2603000 1 19 0.00 38.73 0.00 0.000 3 
12:42:40.755 12:42:40.755  GPGGA 194257.000 3758.1041000 -12219.2555000 1 19 0.00 39.35 0.00 0.000 0 
12:42:41.757 12:42:41.757  GPGGA 194258.000 3758.1176000 -12219.2507000 1 19 0.00 39.88 0.00 0.000 1 
12:42:42.765 12:42:42.765  GPGGA 194259.000 3758.1311000 -12219.2462000 1 18 0.00 40.72 0.00 0.000 0 
12:42:43.765 12:42:43.765  GPGGA 194300.000 3758.1445000 -12219.2418000 1 18 0.00 41.67 0.00 0.000 8 
12:42:44.756 12:42:44.756  GPGGA 194301.000 3758.1579000 -12219.2374000 1 19 0.00 42.67 0.00 0.000 8 
12:42:45.768 12:42:45.768  GPGGA 194302.000 3758.1712000 -12219.2329000 1 19 0.00 43.47 0.00 0.000 0 
12:42:46.767 12:42:46.767  GPGGA 194303.000 3758.1844000 -12219.2285000 1 19 0.00 44.60 0.00 0.000 7 
12:42:47.770 12:42:47.770  GPGGA 194304.000 3758.1976000 -12219.2240000 1 19 0.00 45.44 0.00 0.000 0 
12:42:48.769 12:42:48.769  GPGGA 194305.000 3758.2106000 -12219.2195000 1 19 0.00 46.61 0.00 0.000 0 
12:42:49.765 12:42:49.765  GPGGA 194306.000 3758.2236000 -12219.2151000 1 19 0.00 47.75 0.00 0.000 3 
12:42:50.757 12:42:50.757  GPGGA 194307.000 3758.2363000 -12219.2108000 1 19 0.00 48.77 0.00 0.000 2 
12:42:51.770 12:42:51.770  GPGGA 194308.000 3758.2490000 -12219.2065000 1 19 0.00 49.76 0.00 0.000 0 
12:42:52.762 12:42:52.762  GPGGA 194309.000 3758.2612000 -12219.2025000 1 19 0.00 51.46 0.00 0.000 0 
12:42:53.764 12:42:53.764  GPGGA 194310.000 3758.2725000 -12219.1989000 1 19 0.00 53.24 0.00 0.000 0 
12:42:54.766 12:42:54.766  GPGGA 194311.000 3758.2834000 -12219.1952000 1 19 0.00 54.50 0.00 0.000 0 
12:42:55.766 12:42:55.766  GPGGA 194312.000 3758.2943000 -12219.1916000 1 19 0.00 55.13 0.00 0.000 4 
12:42:56.756 12:42:56.756  GPGGA 194313.000 3758.3058000 -12219.1876000 1 19 0.00 54.73 0.00 0.000 7 
12:42:57.770 12:42:57.770  GPGGA 194314.000 3758.3177000 -12219.1834000 1 19 0.00 54.27 0.00 0.000 0 
12:42:58.758 12:42:58.759  GPGGA 194315.000 3758.3299000 -12219.1792000 1 19 0.00 54.32 0.00 0.000 0 
12:42:59.757 12:42:59.757  GPGGA 194316.000 3758.3421000 -12219.1751000 1 19 0.00 54.97 0.00 0.000 8 
12:43:00.770 12:43:00.770  GPGGA 194317.000 3758.3543000 -12219.1711000 1 19 0.00 55.67 0.00 0.000 6 
12:43:01.767 12:43:01.767  GPGGA 194318.000 3758.3663000 -12219.1670000 1 19 0.00 56.33 0.00 0.000 0 
12:43:02.767 12:43:02.767  GPGGA 194319.000 3758.3785000 -12219.1629000 1 19 0.00 57.01 0.00 0.000 8 
12:43:03.765 12:43:03.765  GPGGA 194320.000 3758.3905000 -12219.1589000 1 18 0.00 58.01 0.00 0.000 3 
12:43:04.768 12:43:04.768  GPGGA 194321.000 3758.4027000 -12219.1547000 1 19 0.00 58.88 0.00 0.000 0 
12:43:05.766 12:43:05.766  GPGGA 194322.000 3758.4149000 -12219.1506000 1 19 0.00 59.57 0.00 0.000 2 
12:43:06.766 12:43:06.766  GPGGA 194323.000 3758.4271000 -12219.1465000 1 19 0.00 60.38 0.00 0.000 0 
12:43:07.765 12:43:07.765  GPGGA 194324.000 3758.4396000 -12219.1423000 1 19 0.00 60.96 0.00 0.000 5 
12:43:08.765 12:43:08.765  GPGGA 194325.000 3758.4524000 -12219.1381000 1 19 0.00 61.31 0.00 0.000 8 
12:43:09.768 12:43:09.768  GPGGA 194326.000 3758.4657000 -12219.1336000 1 19 0.00 61.73 0.00 0.000 6 
12:43:10.768 12:43:10.768  GPGGA 194327.000 3758.4792000 -12219.1291000 1 19 0.00 62.28 0.00 0.000 0 
12:43:11.766 12:43:11.766  GPGGA 194328.000 3758.4928000 -12219.1245000 1 19 0.00 63.04 0.00 0.000 8 
12:43:12.772 12:43:12.772  GPGGA 194329.000 3758.5064000 -12219.1199000 1 19 0.00 63.82 0.00 0.000 5 
12:43:13.767 12:43:13.767  GPGGA 194330.000 3758.5202000 -12219.1152000 1 19 0.00 64.67 0.00 0.000 4 
12:43:14.770 12:43:14.770  GPGGA 194331.000 3758.5341000 -12219.1105000 1 19 0.00 65.71 0.00 0.000 7 
12:43:15.767 12:43:15.767  GPGGA 194332.000 3758.5480000 -12219.1059000 1 19 0.00 66.77 0.00 0.000 3 
12:43:16.766 12:43:16.766  GPGGA 194333.000 3758.5619000 -12219.1012000 1 18 0.00 67.82 0.00 0.000 5 
12:43:17.765 12:43:17.765  GPGGA 194334.000 3758.5759000 -12219.0966000 1 18 0.00 68.60 0.00 0.000 0 
12:43:18.765 12:43:18.765  GPGGA 194335.000 3758.5895000 -12219.0919000 1 15 0.00 69.22 0.00 0.000 3 
12:43:19.757 12:43:19.757  GPGGA 194336.000 3758.6040000 -12219.0870000 1 17 0.00 69.53 0.00 0.000 9 
12:43:20.767 12:43:20.767  GPGGA 194337.000 3758.6181000 -12219.0822000 1 19 0.00 70.47 0.00 0.000 0 
12:43:21.774 12:43:21.774  GPGGA 194338.000 3758.6320000 -12219.0775000 1 18 0.00 71.53 0.00 0.000 0 
12:43:22.763 12:43:22.763  GPGGA 194339.000 3758.6459000 -12219.0729000 1 19 0.00 72.44 0.00 0.000 0 
12:43:23.765 12:43:23.765  GPGGA 194340.000 3758.6597000 -12219.0684000 1 18 0.00 73.30 0.00 0.000 3 
12:43:24.761 12:43:24.761  GPGGA 194341.000 3758.6734000 -12219.0638000 1 18 0.00 74.16 0.00 0.000 0 
12:43:25.758 12:43:25.758  GPGGA 194342.000 3758.6870000 -12219.0593000 1 19 0.00 74.90 0.00 0.000 0 
12:43:26.779 12:43:26.779  GPGGA 194343.000 3758.7007000 -12219.0547000 1 19 0.00 75.47 0.00 0.000 6 
12:43:27.766 12:43:27.766  GPGGA 194344.000 3758.7144000 -12219.0502000 1 19 0.00 75.85 0.00 0.000 8 
12:43:28.768 12:43:28.769  GPGGA 194345.000 3758.7281000 -12219.0455000 1 19 0.00 76.23 0.00 0.000 0 
12:43:29.764 12:43:29.764  GPGGA 194346.000 3758.7420000 -12219.0409000 1 18 0.00 76.63 0.00 0.000 0 
12:43:30.773 12:43:30.773  GPGGA 194347.000 3758.7560000 -12219.0361000 1 18 0.00 76.69 0.00 0.000 0 
12:43:31.765 12:43:31.765  GPGGA 194348.000 3758.7702000 -12219.0313000 1 18 0.00 76.50 0.00 0.000 0 
12:43:32.759 12:43:32.759  GPGGA 194349.000 3758.7847000 -12219.0265000 1 18 0.00 76.11 0.00 0.000 6 
12:43:33.771 12:43:33.771  GPGGA 194350.000 3758.7993000 -12219.0216000 1 18 0.00 75.79 0.00 0.000 0 
12:43:34.773 12:43:34.773  GPGGA 194351.000 3758.8139000 -12219.0167000 1 18 0.00 75.73 0.00 0.000 6 
12:43:35.770 12:43:35.770  GPGGA 194352.000 3758.8284000 -12219.0119000 1 18 0.00 75.90 0.00 0.000 4 
12:43:36.761 12:43:36.761  GPGGA 194353.000 3758.8428000 -12219.0071000 1 18 0.00 76.14 0.00 0.000 5 
12:43:37.766 12:43:37.766  GPGGA 194354.000 3758.8571000 -12219.0023000 1 18 0.00 76.39 0.00 0.000 7 
12:43:38.765 12:43:38.766  GPGGA 194355.000 3758.8713000 -12218.9974000 1 18 0.00 76.67 0.00 0.000 8 
12:43:39.777 12:43:39.777  GPGGA 194356.000 3758.8856000 -12218.9926000 1 18 0.00 76.81 0.00 0.000 0 
12:43:40.770 12:43:40.771  GPGGA 194357.000 3758.9000000 -12218.9878000 1 18 0.00 76.80 0.00 0.000 0 
12:43:41.762 12:43:41.762  GPGGA 194358.000 3758.9144000 -12218.9830000 1 18 0.00 76.78 0.00 0.000 0 
12:43:42.769 12:43:42.770  GPGGA 194359.000 3758.9289000 -12218.9781000 1 18 0.00 76.70 0.00 0.000 1 
12:43:43.771 12:43:43.771  GPGGA 194400.000 3758.9435000 -12218.9732000 1 18 0.00 76.59 0.00 0.000 8 
12:43:44.776 12:43:44.776  GPGGA 194401.000 3758.9581000 -12218.9683000 1 18 0.00 76.58 0.00 0.000 0 
12:43:45.765 12:43:45.765  GPGGA 194402.000 3758.9729000 -12218.9633000 1 18 0.00 76.48 0.00 0.000 4 
12:43:46.771 12:43:46.771  GPGGA 194403.000 3758.9877000 -12218.9582000 1 18 0.00 76.33 0.00 0.000 4 
12:43:47.760 12:43:47.760  GPGGA 194404.000 3759.0024000 -12218.9532000 1 18 0.00 76.28 0.00 0.000 4 
12:43:48.765 12:43:48.765  GPGGA 194405.000 3759.0173000 -12218.9481000 1 18 0.00 76.23 0.00 0.000 4 
12:43:49.761 12:43:49.761  GPGGA 194406.000 3759.0318000 -12218.9430000 1 18 0.00 76.45 0.00 0.000 2 
12:43:50.761 12:43:50.761  GPGGA 194407.000 3759.0462000 -12218.9381000 1 18 0.00 76.59 0.00 0.000 9 
12:43:51.768 12:43:51.768  GPGGA 194408.000 3759.0605000 -12218.9330000 1 18 0.00 76.59 0.00 0.000 0 
12:43:52.761 12:43:52.761  GPGGA 194409.000 3759.0748000 -12218.9276000 1 18 0.00 76.52 0.00 0.000 0 
12:43:53.770 12:43:53.770  GPGGA 194410.000 3759.0890000 -12218.9219000 1 18 0.00 76.32 0.00 0.000 3 
12:43:54.771 12:43:54.771  GPGGA 194411.000 3759.1032000 -12218.9158000 1 18 0.00 76.11 0.00 0.000 4 
12:43:55.781 12:43:55.781  GPGGA 194412.000 3759.1174000 -12218.9092000 1 18 0.00 75.85 0.00 0.000 0 
12:43:56.769 12:43:56.769  GPGGA 194413.000 3759.1316000 -12218.9021000 1 18 0.00 75.62 0.00 0.000 0 
12:43:57.771 12:43:57.771  GPGGA 194414.000 3759.1457000 -12218.8944000 1 18 0.00 75.30 0.00 0.000 2 
12:43:58.765 12:43:58.765  GPGGA 194415.000 3759.1598000 -12218.8861000 1 18 0.00 74.97 0.00 0.000 0 
12:43:59.764 12:43:59.764  GPGGA 194416.000 3759.1738000 -12218.8773000 1 18 0.00 74.53 0.00 0.000 4 
12:44:00.779 12:44:00.779  GPGGA 194417.000 3759.1878000 -12218.8680000 1 17 0.00 74.05 0.00 0.000 0 
12:44:01.772 12:44:01.772  GPGGA 194418.000 3759.2019000 -12218.8585000 1 17 0.00 73.69 0.00 0.000 7 
12:44:02.772 12:44:02.772  GPGGA 194419.000 3759.2159000 -12218.8490000 1 16 0.00 73.14 0.00 0.000 0 
12:44:03.774 12:44:03.774  GPGGA 194420.000 3759.2300000 -12218.8391000 1 16 0.00 72.59 0.00 0.000 7 
12:44:04.773 12:44:04.773  GPGGA 194421.000 3759.2448000 -12218.8288000 1 18 0.00 71.79 0.00 0.000 0 
12:44:05.770 12:44:05.770  GPGGA 194422.000 3759.2591000 -12218.8182000 1 18 0.00 71.52 0.00 0.000 0 
12:44:06.765 12:44:06.765  GPGGA 194423.000 3759.2732000 -12218.8070000 1 18 0.00 71.11 0.00 0.000 0 
12:44:07.780 12:44:07.780  GPGGA 194424.000 3759.2872000 -12218.7953000 1 18 0.00 70.64 0.00 0.000 4 
12:44:08.775 12:44:08.775  GPGGA 194425.000 3759.3010000 -12218.7830000 1 18 0.00 70.25 0.00 0.000 9 
12:44:09.780 12:44:09.780  GPGGA 194426.000 3759.3145000 -12218.7703000 1 18 0.00 69.99 0.00 0.000 0 
12:44:10.766 12:44:10.766  GPGGA 194427.000 3759.3276000 -12218.7571000 1 18 0.00 69.71 0.00 0.000 8 
12:44:11.762 12:44:11.763  GPGGA 194428.000 3759.3402000 -12218.7437000 1 18 0.00 69.40 0.00 0.000 3 
12:44:12.780 12:44:12.780  GPGGA 194429.000 3759.3525000 -12218.7298000 1 18 0.00 69.05 0.00 0.000 4 
12:44:13.768 12:44:13.768  GPGGA 194430.000 3759.3644000 -12218.7159000 1 18 0.00 69.07 0.00 0.000 4 
12:44:14.763 12:44:14.763  GPGGA 194431.000 3759.3758000 -12218.7021000 1 18 0.00 68.97 0.00 0.000 0 
12:44:15.781 12:44:15.781  GPGGA 194432.000 3759.3869000 -12218.6879000 1 18 0.00 68.69 0.00 0.000 4 
12:44:16.763 12:44:16.763  GPGGA 194433.000 3759.3980000 -12218.6732000 1 18 0.00 67.98 0.00 0.000 2 
12:44:17.775 12:44:17.775  GPGGA 194434.000 3759.4091000 -12218.6578000 1 18 0.00 66.89 0.00 0.000 6 
12:44:18.779 12:44:18.779  GPGGA 194435.000 3759.4201000 -12218.6419000 1 18 0.00 66.28 0.00 0.000 1 
12:44:19.773 12:44:19.773  GPGGA 194436.000 3759.4307000 -12218.6257000 1 18 0.00 65.92 0.00 0.000 0 
12:44:20.776 12:44:20.776  GPGGA 194437.000 3759.4410000 -12218.6093000 1 18 0.00 65.68 0.00 0.000 4 
12:44:21.764 12:44:21.764  GPGGA 194438.000 3759.4508000 -12218.5929000 1 18 0.00 65.43 0.00 0.000 1 
12:44:22.776 12:44:22.776  GPGGA 194439.000 3759.4604000 -12218.5763000 1 18 0.00 65.18 0.00 0.000 1 
12:44:23.771 12:44:23.771  GPGGA 194440.000 3759.4696000 -12218.5595000 1 18 0.00 64.72 0.00 0.000 2 
12:44:24.782 12:44:24.782  GPGGA 194441.000 3759.4784000 -12218.5426000 1 18 0.00 64.42 0.00 0.000 0 
12:44:25.771 12:44:25.771  GPGGA 194442.000 3759.4870000 -12218.5253000 1 18 0.00 63.93 0.00 0.000 3 
12:44:26.769 12:44:26.769  GPGGA 194443.000 3759.4952000 -12218.5079000 1 18 0.00 63.54 0.00 0.000 2 
12:44:27.772 12:44:27.773  GPGGA 194444.000 3759.5031000 -12218.4905000 1 18 0.00 63.35 0.00 0.000 0 
12:44:28.783 12:44:28.783  GPGGA 194445.000 3759.5105000 -12218.4736000 1 18 0.00 63.37 0.00 0.000 7 
12:44:29.782 12:44:29.782  GPGGA 194446.000 3759.5173000 -12218.4571000 1 18 0.00 63.45 0.00 0.000 1 
12:44:30.775 12:44:30.775  GPGGA 194447.000 3759.5236000 -12218.4409000 1 18 0.00 63.50 0.00 0.000 8 
12:44:31.774 12:44:31.774  GPGGA 194448.000 3759.5295000 -12218.4249000 1 18 0.00 63.27 0.00 0.000 0 
12:44:32.763 12:44:32.763  GPGGA 194449.000 3759.5351000 -12218.4086000 1 18 0.00 62.80 0.00 0.000 9 
12:44:33.774 12:44:33.774  GPGGA 194450.000 3759.5406000 -12218.3922000 1 18 0.00 62.26 0.00 0.000 8 
12:44:34.771 12:44:34.771  GPGGA 194451.000 3759.5457000 -12218.3756000 1 18 0.00 61.77 0.00 0.000 7 
12:44:35.768 12:44:35.768  GPGGA 194452.000 3759.5506000 -12218.3588000 1 18 0.00 61.18 0.00 0.000 9 
12:44:36.781 12:44:36.781  GPGGA 194453.000 3759.5553000 -12218.3417000 1 18 0.00 60.47 0.00 0.000 4 
12:44:37.773 12:44:37.773  GPGGA 194454.000 3759.5598000 -12218.3244000 1 18 0.00 59.86 0.00 0.000 3 
12:44:38.772 12:44:38.772  GPGGA 194455.000 3759.5641000 -12218.3068000 1 18 0.00 59.08 0.00 0.000 0 
12:44:39.767 12:44:39.767  GPGGA 194456.000 3759.5682000 -12218.2886000 1 18 0.00 58.18 0.00 0.000 0 
12:44:40.770 12:44:40.770  GPGGA 194457.000 3759.5721000 -12218.2702000 1 18 0.00 57.57 0.00 0.000 4 
12:44:41.765 12:44:41.765  GPGGA 194458.000 3759.5757000 -12218.2514000 1 18 0.00 56.93 0.00 0.000 6 
12:44:42.771 12:44:42.771  GPGGA 194459.000 3759.5791000 -12218.2323000 1 17 0.00 56.29 0.00 0.000 1 
12:44:43.782 12:44:43.782  GPGGA 194500.000 3759.5821000 -12218.2131000 1 18 0.00 55.78 0.00 0.000 1 
12:44:44.767 12:44:44.767  GPGGA 194501.000 3759.5848000 -12218.1937000 1 18 0.00 55.35 0.00 0.000 0 
12:44:45.769 12:44:45.769  GPGGA 194502.000 3759.5875000 -12218.1743000 1 18 0.00 55.00 0.00 0.000 0 
12:44:46.779 12:44:46.779  GPGGA 194503.000 3759.5902000 -12218.1548000 1 18 0.00 54.49 0.00 0.000 8 
12:44:47.769 12:44:47.769  GPGGA 194504.000 3759.5929000 -12218.1351000 1 18 0.00 53.96 0.00 0.000 0 
12:44:48.774 12:44:48.774  GPGGA 194505.000 3759.5955000 -12218.1156000 1 18 0.00 53.80 0.00 0.000 5 
12:44:49.765 12:44:49.765  GPGGA 194506.000 3759.5980000 -12218.0958000 1 18 0.00 53.46 0.00 0.000 3 
12:44:50.777 12:44:50.777  GPGGA 194507.000 3759.6008000 -12218.0757000 1 17 0.00 52.90 0.00 0.000 0 
12:44:51.775 12:44:51.775  GPGGA 194508.000 3759.6037000 -12218.0558000 1 18 0.00 52.56 0.00 0.000 7 
12:44:52.773 12:44:52.773  GPGGA 194509.000 3759.6066000 -12218.0360000 1 18 0.00 52.27 0.00 0.000 9 
12:44:53.774 12:44:53.774  GPGGA 194510.000 3759.6094000 -12218.0164000 1 18 0.00 51.94 0.00 0.000 1 
12:44:54.770 12:44:54.770  GPGGA 194511.000 3759.6121000 -12217.9968000 1 17 0.00 51.64 0.00 0.000 0 
12:44:55.776 12:44:55.776  GPGGA 194512.000 3759.6147000 -12217.9772000 1 17 0.00 51.09 0.00 0.000 0 
12:44:56.768 12:44:56.768  GPGGA 194513.000 3759.6174000 -12217.9576000 1 17 0.00 50.39 0.00 0.000 5 
12:44:57.776 12:44:57.776  GPGGA 194514.000 3759.6201000 -12217.9381000 1 17 0.00 49.78 0.00 0.000 0 
12:44:58.778 12:44:58.778  GPGGA 194515.000 3759.6228000 -12217.9186000 1 17 0.00 49.06 0.00 0.000 6 
12:44:59.765 12:44:59.766  GPGGA 194516.000 3759.6256000 -12217.8990000 1 18 0.00 48.18 0.00 0.000 3 
12:45:00.770 12:45:00.770  GPGGA 194517.000 3759.6284000 -12217.8795000 1 18 0.00 47.25 0.00 0.000 7 
12:45:01.768 12:45:01.768  GPGGA 194518.000 3759.6311000 -12217.8598000 1 18 0.00 46.29 0.00 0.000 7 
12:45:02.777 12:45:02.777  GPGGA 194519.000 3759.6338000 -12217.8400000 1 18 0.00 45.35 0.00 0.000 3 
12:45:03.782 12:45:03.782  GPGGA 194520.000 3759.6366000 -12217.8204000 1 18 0.00 44.77 0.00 0.000 7 
12:45:04.776 12:45:04.776  GPGGA 194521.000 3759.6394000 -12217.8008000 1 18 0.00 44.05 0.00 0.000 0 
12:45:05.784 12:45:05.784  GPGGA 194522.000 3759.6421000 -12217.7812000 1 18 0.00 43.21 0.00 0.000 7 
12:45:06.777 12:45:06.777  GPGGA 194523.000 3759.6449000 -12217.7615000 1 18 0.00 42.17 0.00 0.000 5 
12:45:07.768 12:45:07.768  GPGGA 194524.000 3759.6477000 -12217.7415000 1 18 0.00 41.06 0.00 0.000 0 
12:45:08.776 12:45:08.776  GPGGA 194525.000 3759.6505000 -12217.7214000 1 18 0.00 40.00 0.00 0.000 0 
12:45:09.770 12:45:09.770  GPGGA 194526.000 3759.6533000 -12217.7011000 1 18 0.00 38.90 0.00 0.000 0 
12:45:10.782 12:45:10.782  GPGGA 194527.000 3759.6560000 -12217.6805000 1 17 0.00 37.76 0.00 0.000 0 
12:45:11.778 12:45:11.778  GPGGA 194528.000 3759.6588000 -12217.6597000 1 18 0.00 36.59 0.00 0.000 3 
