Receiving GPS point for DB variable 8001
writing output to stdout
12:26:53.698 12:26:53.698  GPGGA 192710.000 3752.1404000 -12218.2816000 1 19 0.00 -3.59 0.00 0.000 10 
12:26:54.689 12:26:54.689  GPGGA 192711.000 3752.1295000 -12218.2777000 1 19 0.00 -3.23 0.00 0.000 1 
12:26:55.695 12:26:55.695  GPGGA 192712.000 3752.1190000 -12218.2739000 1 19 0.00 -2.68 0.00 0.000 1 
12:26:56.692 12:26:56.692  GPGGA 192713.000 3752.1086000 -12218.2702000 1 19 0.00 -2.18 0.00 0.000 13 
12:26:57.694 12:26:57.694  GPGGA 192714.000 3752.0983000 -12218.2668000 1 19 0.00 -1.76 0.00 0.000 1 
12:26:58.692 12:26:58.692  GPGGA 192715.000 3752.0879000 -12218.2634000 1 19 0.00 -1.59 0.00 0.000 1 
12:26:59.684 12:26:59.684  GPGGA 192716.000 3752.0773000 -12218.2599000 1 19 0.00 -1.83 0.00 0.000 1 
12:27:00.686 12:27:00.686  GPGGA 192717.000 3752.0663000 -12218.2562000 1 19 0.00 -2.10 0.00 0.000 17 
12:27:01.693 12:27:01.693  GPGGA 192718.000 3752.0552000 -12218.2525000 1 19 0.00 -2.17 0.00 0.000 1 
12:27:02.695 12:27:02.695  GPGGA 192719.000 3752.0439000 -12218.2488000 1 19 0.00 -2.20 0.00 0.000 12 
12:27:03.693 12:27:03.693  GPGGA 192720.000 3752.0326000 -12218.2450000 1 19 0.00 -2.14 0.00 0.000 13 
12:27:04.696 12:27:04.696  GPGGA 192721.000 3752.0214000 -12218.2414000 1 19 0.00 -1.81 0.00 0.000 1 
12:27:05.694 12:27:05.694  GPGGA 192722.000 3752.0104000 -12218.2377000 1 19 0.00 -1.52 0.00 0.000 10 
12:27:06.683 12:27:06.683  GPGGA 192723.000 3751.9995000 -12218.2342000 1 18 0.00 -1.09 0.00 0.000 12 
12:27:07.683 12:27:07.683  GPGGA 192724.000 3751.9883000 -12218.2308000 1 17 0.00 -1.17 0.00 0.000 1 
12:27:08.691 12:27:08.691  GPGGA 192725.000 3751.9768000 -12218.2273000 1 19 0.00 -1.49 0.00 0.000 1 
12:27:09.691 12:27:09.691  GPGGA 192726.000 3751.9654000 -12218.2238000 1 19 0.00 -1.46 0.00 0.000 13 
12:27:10.686 12:27:10.686  GPGGA 192727.000 3751.9539000 -12218.2204000 1 19 0.00 -1.41 0.00 0.000 12 
12:27:11.694 12:27:11.694  GPGGA 192728.000 3751.9423000 -12218.2170000 1 19 0.00 -1.49 0.00 0.000 1 
12:27:12.693 12:27:12.693  GPGGA 192729.000 3751.9306000 -12218.2136000 1 19 0.00 -1.46 0.00 0.000 13 
12:27:13.685 12:27:13.685  GPGGA 192730.000 3751.9188000 -12218.2102000 1 19 0.00 -1.40 0.00 0.000 1 
12:27:14.685 12:27:14.685  GPGGA 192731.000 3751.9071000 -12218.2068000 1 19 0.00 -1.33 0.00 0.000 11 
12:27:15.696 12:27:15.696  GPGGA 192732.000 3751.8952000 -12218.2033000 1 19 0.00 -1.43 0.00 0.000 12 
12:27:16.684 12:27:16.684  GPGGA 192733.000 3751.8831000 -12218.1998000 1 19 0.00 -1.58 0.00 0.000 16 
12:27:17.685 12:27:17.685  GPGGA 192734.000 3751.8706000 -12218.1962000 1 19 0.00 -1.74 0.00 0.000 11 
12:27:18.694 12:27:18.694  GPGGA 192735.000 3751.8583000 -12218.1928000 1 19 0.00 -1.62 0.00 0.000 16 
12:27:19.685 12:27:19.685  GPGGA 192736.000 3751.8449000 -12218.1891000 1 19 0.00 -2.31 0.00 0.000 14 
12:27:20.695 12:27:20.695  GPGGA 192737.000 3751.8315000 -12218.1855000 1 19 0.00 -2.55 0.00 0.000 11 
12:27:21.689 12:27:21.689  GPGGA 192738.000 3751.8179000 -12218.1818000 1 19 0.00 -2.73 0.00 0.000 1 
12:27:22.684 12:27:22.684  GPGGA 192739.000 3751.8040000 -12218.1780000 1 19 0.00 -2.85 0.00 0.000 16 
12:27:23.701 12:27:23.701  GPGGA 192740.000 3751.7901000 -12218.1743000 1 19 0.00 -2.52 0.00 0.000 1 
12:27:24.685 12:27:24.685  GPGGA 192741.000 3751.7773000 -12218.1708000 1 19 0.00 -1.29 0.00 0.000 14 
12:27:25.686 12:27:25.686  GPGGA 192742.000 3751.7628000 -12218.1665000 1 19 0.00 -0.73 0.00 0.000 1 
12:27:26.692 12:27:26.692  GPGGA 192742.000 3751.7477000 -12218.1620000 1 19 0.00 -0.15 0.00 0.000 15 
12:27:27.786 12:27:27.786  GPGGA 192744.000 3751.7574000 -12218.1654000 1 7 0.00 -0.39 0.00 0.000 13 
12:27:28.785 12:27:28.785  GPGGA 192745.000 3751.7360000 -12218.1608000 1 7 0.00 -0.87 0.00 0.000 1 
12:27:29.686 12:27:29.686  GPGGA 192746.000 3751.7012000 -12218.1542000 1 5 0.00 -1.06 0.00 0.000 1 
12:27:30.689 12:27:30.689  GPGGA 192747.000 3751.6926000 -12218.1524000 1 6 0.00 2.16 0.00 0.000 3 
12:27:31.697 12:27:31.697  GPGGA 192748.000 3751.6834000 -12218.1497000 1 8 0.00 3.75 0.00 0.000 33 
12:27:32.696 12:27:32.696  GPGGA 192749.000 3751.6736000 -12218.1466000 1 11 0.00 3.60 0.00 0.000 3 
12:27:33.699 12:27:33.700  GPGGA 192750.000 3751.6632000 -12218.1437000 1 13 0.00 4.00 0.00 0.000 37 
12:27:34.687 12:27:34.687  GPGGA 192751.000 3751.6781000 -12218.1433000 1 13 0.00 -0.14 0.00 0.000 17 
12:27:35.695 12:27:35.695  GPGGA 192752.000 3751.6675000 -12218.1402000 1 19 0.00 -0.19 0.00 0.000 1 
12:27:36.696 12:27:36.696  GPGGA 192753.000 3751.6574000 -12218.1371000 1 19 0.00 0.14 0.00 0.000 3 
12:27:37.691 12:27:37.691  GPGGA 192754.000 3751.6472000 -12218.1343000 1 19 0.00 0.46 0.00 0.000 3 
12:27:38.692 12:27:38.692  GPGGA 192755.000 3751.6379000 -12218.1318000 1 19 0.00 1.14 0.00 0.000 38 
12:27:39.702 12:27:39.702  GPGGA 192756.000 3751.6288000 -12218.1293000 1 19 0.00 2.20 0.00 0.000 32 
12:27:40.694 12:27:40.695  GPGGA 192757.000 3751.6229000 -12218.1278000 1 18 0.00 3.27 0.00 0.000 3 
12:27:41.703 12:27:41.703  GPGGA 192758.000 3751.6165000 -12218.1261000 1 19 0.00 3.75 0.00 0.000 30 
12:27:42.686 12:27:42.686  GPGGA 192759.000 3751.6102000 -12218.1243000 1 19 0.00 3.82 0.00 0.000 38 
12:27:43.699 12:27:43.699  GPGGA 192800.000 3751.6035000 -12218.1224000 1 19 0.00 3.32 0.00 0.000 34 
12:27:44.689 12:27:44.689  GPGGA 192801.000 3751.5964000 -12218.1204000 1 19 0.00 2.79 0.00 0.000 37 
12:27:45.706 12:27:45.706  GPGGA 192802.000 3751.5888000 -12218.1182000 1 19 0.00 2.02 0.00 0.000 36 
12:27:46.698 12:27:46.698  GPGGA 192803.000 3751.5807000 -12218.1159000 1 19 0.00 1.31 0.00 0.000 35 
12:27:47.696 12:27:47.696  GPGGA 192804.000 3751.5723000 -12218.1135000 1 19 0.00 0.73 0.00 0.000 36 
12:27:48.687 12:27:48.687  GPGGA 192805.000 3751.5637000 -12218.1111000 1 19 0.00 0.22 0.00 0.000 31 
12:27:49.691 12:27:49.691  GPGGA 192806.000 3751.5547000 -12218.1085000 1 19 0.00 -0.28 0.00 0.000 1 
12:27:50.687 12:27:50.687  GPGGA 192807.000 3751.5454000 -12218.1059000 1 19 0.00 -0.60 0.00 0.000 12 
12:27:51.698 12:27:51.698  GPGGA 192808.000 3751.5360000 -12218.1033000 1 19 0.00 -0.79 0.00 0.000 19 
12:27:52.691 12:27:52.691  GPGGA 192809.000 3751.5265000 -12218.1008000 1 19 0.00 -0.80 0.00 0.000 12 
12:27:53.695 12:27:53.695  GPGGA 192810.000 3751.5170000 -12218.0982000 1 19 0.00 -0.64 0.00 0.000 1 
12:27:54.688 12:27:54.688  GPGGA 192811.000 3751.5076000 -12218.0956000 1 19 0.00 -0.41 0.00 0.000 15 
12:27:55.698 12:27:55.698  GPGGA 192812.000 3751.4984000 -12218.0931000 1 19 0.00 -0.13 0.00 0.000 15 
12:27:56.697 12:27:56.697  GPGGA 192813.000 3751.4894000 -12218.0905000 1 19 0.00 0.18 0.00 0.000 35 
12:27:57.703 12:27:57.703  GPGGA 192814.000 3751.4806000 -12218.0881000 1 19 0.00 0.50 0.00 0.000 38 
12:27:58.687 12:27:58.687  GPGGA 192815.000 3751.4719000 -12218.0857000 1 19 0.00 0.75 0.00 0.000 34 
12:27:59.696 12:27:59.696  GPGGA 192816.000 3751.4635000 -12218.0834000 1 19 0.00 0.99 0.00 0.000 3 
12:28:00.692 12:28:00.692  GPGGA 192817.000 3751.4552000 -12218.0811000 1 19 0.00 1.17 0.00 0.000 3 
12:28:01.687 12:28:01.687  GPGGA 192818.000 3751.4472000 -12218.0789000 1 19 0.00 1.36 0.00 0.000 3 
12:28:02.703 12:28:02.703  GPGGA 192819.000 3751.4392000 -12218.0767000 1 19 0.00 1.45 0.00 0.000 31 
12:28:03.697 12:28:03.697  GPGGA 192820.000 3751.4312000 -12218.0744000 1 19 0.00 1.37 0.00 0.000 37 
12:28:04.701 12:28:04.701  GPGGA 192821.000 3751.4230000 -12218.0722000 1 19 0.00 1.21 0.00 0.000 30 
12:28:05.690 12:28:05.690  GPGGA 192822.000 3751.4145000 -12218.0698000 1 19 0.00 0.85 0.00 0.000 3 
12:28:06.700 12:28:06.700  GPGGA 192823.000 3751.4059000 -12218.0674000 1 19 0.00 0.63 0.00 0.000 3 
12:28:07.696 12:28:07.696  GPGGA 192824.000 3751.3972000 -12218.0650000 1 19 0.00 0.56 0.00 0.000 3 
12:28:08.693 12:28:08.693  GPGGA 192825.000 3751.3887000 -12218.0626000 1 19 0.00 0.68 0.00 0.000 3 
12:28:09.693 12:28:09.693  GPGGA 192826.000 3751.3803000 -12218.0603000 1 19 0.00 0.90 0.00 0.000 33 
12:28:10.688 12:28:10.688  GPGGA 192827.000 3751.3720000 -12218.0580000 1 19 0.00 0.98 0.00 0.000 3 
12:28:11.687 12:28:11.687  GPGGA 192828.000 3751.3635000 -12218.0556000 1 19 0.00 0.74 0.00 0.000 3 
12:28:12.700 12:28:12.700  GPGGA 192829.000 3751.3546000 -12218.0530000 1 19 0.00 0.38 0.00 0.000 31 
12:28:13.698 12:28:13.698  GPGGA 192830.000 3751.3459000 -12218.0506000 1 19 0.00 0.57 0.00 0.000 3 
12:28:14.690 12:28:14.690  GPGGA 192831.000 3751.3372000 -12218.0482000 1 19 0.00 0.55 0.00 0.000 3 
12:28:15.688 12:28:15.688  GPGGA 192832.000 3751.3284000 -12218.0457000 1 19 0.00 0.36 0.00 0.000 3 
12:28:16.689 12:28:16.689  GPGGA 192833.000 3751.3193000 -12218.0431000 1 19 0.00 0.17 0.00 0.000 3 
12:28:17.694 12:28:17.694  GPGGA 192834.000 3751.3101000 -12218.0405000 1 19 0.00 0.04 0.00 0.000 32 
12:28:18.688 12:28:18.688  GPGGA 192835.000 3751.3009000 -12218.0379000 1 19 0.00 0.00 0.00 0.000 32 
12:28:19.695 12:28:19.695  GPGGA 192836.000 3751.2918000 -12218.0354000 1 19 0.00 0.03 0.00 0.000 35 
12:28:20.688 12:28:20.688  GPGGA 192837.000 3751.2827000 -12218.0329000 1 19 0.00 0.17 0.00 0.000 36 
12:28:21.688 12:28:21.688  GPGGA 192838.000 3751.2736000 -12218.0304000 1 19 0.00 0.24 0.00 0.000 39 
12:28:22.695 12:28:22.695  GPGGA 192839.000 3751.2644000 -12218.0279000 1 19 0.00 0.23 0.00 0.000 30 
12:28:23.691 12:28:23.691  GPGGA 192840.000 3751.2553000 -12218.0254000 1 19 0.00 0.31 0.00 0.000 37 
12:28:24.688 12:28:24.688  GPGGA 192841.000 3751.2463000 -12218.0230000 1 19 0.00 0.46 0.00 0.000 36 
12:28:25.689 12:28:25.689  GPGGA 192842.000 3751.2374000 -12218.0204000 1 19 0.00 0.52 0.00 0.000 36 
12:28:26.695 12:28:26.695  GPGGA 192843.000 3751.2283000 -12218.0179000 1 19 0.00 0.36 0.00 0.000 35 
12:28:27.690 12:28:27.690  GPGGA 192844.000 3751.2190000 -12218.0153000 1 19 0.00 0.16 0.00 0.000 39 
12:28:28.691 12:28:28.691  GPGGA 192845.000 3751.2096000 -12218.0126000 1 19 0.00 0.03 0.00 0.000 39 
12:28:29.690 12:28:29.690  GPGGA 192846.000 3751.2001000 -12218.0100000 1 19 0.00 0.01 0.00 0.000 32 
12:28:30.707 12:28:30.707  GPGGA 192847.000 3751.1904000 -12218.0073000 1 19 0.00 -0.20 0.00 0.000 17 
12:28:31.689 12:28:31.689  GPGGA 192848.000 3751.1807000 -12218.0045000 1 19 0.00 -0.36 0.00 0.000 18 
12:28:32.702 12:28:32.702  GPGGA 192849.000 3751.1707000 -12218.0017000 1 19 0.00 -0.63 0.00 0.000 11 
12:28:33.692 12:28:33.692  GPGGA 192850.000 3751.1604000 -12217.9988000 1 19 0.00 -0.77 0.00 0.000 17 
12:28:34.691 12:28:34.691  GPGGA 192851.000 3751.1501000 -12217.9960000 1 19 0.00 -0.89 0.00 0.000 17 
12:28:35.690 12:28:35.690  GPGGA 192852.000 3751.1396000 -12217.9934000 1 19 0.00 -1.05 0.00 0.000 18 
12:28:36.690 12:28:36.690  GPGGA 192853.000 3751.1289000 -12217.9908000 1 19 0.00 -1.13 0.00 0.000 1 
12:28:37.700 12:28:37.701  GPGGA 192854.000 3751.1181000 -12217.9885000 1 19 0.00 -1.25 0.00 0.000 13 
12:28:38.690 12:28:38.690  GPGGA 192855.000 3751.1074000 -12217.9863000 1 19 0.00 -1.18 0.00 0.000 1 
12:28:39.701 12:28:39.701  GPGGA 192856.000 3751.0966000 -12217.9841000 1 19 0.00 -1.06 0.00 0.000 18 
12:28:40.692 12:28:40.692  GPGGA 192857.000 3751.0856000 -12217.9818000 1 19 0.00 -1.18 0.00 0.000 18 
12:28:41.699 12:28:41.699  GPGGA 192858.000 3751.0744000 -12217.9793000 1 19 0.00 -1.48 0.00 0.000 12 
12:28:42.691 12:28:42.691  GPGGA 192859.000 3751.0629000 -12217.9765000 1 19 0.00 -1.70 0.00 0.000 1 
12:28:43.690 12:28:43.690  GPGGA 192900.000 3751.0515000 -12217.9738000 1 19 0.00 -1.36 0.00 0.000 10 
12:28:44.697 12:28:44.697  GPGGA 192901.000 3751.0409000 -12217.9713000 1 19 0.00 -0.38 0.00 0.000 1 
12:28:45.693 12:28:45.693  GPGGA 192902.000 3751.0311000 -12217.9690000 1 19 0.00 0.67 0.00 0.000 3 
12:28:46.691 12:28:46.691  GPGGA 192903.000 3751.0220000 -12217.9668000 1 19 0.00 1.71 0.00 0.000 38 
12:28:47.701 12:28:47.701  GPGGA 192904.000 3751.0135000 -12217.9649000 1 19 0.00 2.59 0.00 0.000 32 
12:28:48.701 12:28:48.701  GPGGA 192905.000 3751.0056000 -12217.9632000 1 19 0.00 3.46 0.00 0.000 34 
12:28:49.701 12:28:49.701  GPGGA 192906.000 3750.9982000 -12217.9615000 1 19 0.00 4.10 0.00 0.000 3 
12:28:50.703 12:28:50.703  GPGGA 192907.000 3750.9910000 -12217.9599000 1 19 0.00 4.38 0.00 0.000 39 
12:28:51.694 12:28:51.694  GPGGA 192908.000 3750.9841000 -12217.9583000 1 19 0.00 4.65 0.00 0.000 30 
12:28:52.704 12:28:52.704  GPGGA 192909.000 3750.9774000 -12217.9568000 1 19 0.00 4.84 0.00 0.000 32 
12:28:53.716 12:28:53.716  GPGGA 192910.000 3750.9708000 -12217.9552000 1 19 0.00 4.87 0.00 0.000 3 
12:28:54.699 12:28:54.699  GPGGA 192911.000 3750.9641000 -12217.9535000 1 19 0.00 4.65 0.00 0.000 3 
12:28:55.708 12:28:55.708  GPGGA 192912.000 3750.9574000 -12217.9517000 1 19 0.00 4.37 0.00 0.000 3 
12:28:56.701 12:28:56.701  GPGGA 192913.000 3750.9503000 -12217.9499000 1 19 0.00 3.81 0.00 0.000 36 
12:28:57.702 12:28:57.702  GPGGA 192914.000 3750.9431000 -12217.9481000 1 19 0.00 3.57 0.00 0.000 33 
12:28:58.701 12:28:58.701  GPGGA 192915.000 3750.9359000 -12217.9462000 1 18 0.00 3.49 0.00 0.000 38 
12:28:59.698 12:28:59.698  GPGGA 192916.000 3750.9284000 -12217.9443000 1 17 0.00 3.13 0.00 0.000 39 
12:29:00.691 12:29:00.691  GPGGA 192917.000 3750.9208000 -12217.9425000 1 17 0.00 2.74 0.00 0.000 3 
12:29:01.693 12:29:01.693  GPGGA 192918.000 3750.9133000 -12217.9408000 1 18 0.00 2.89 0.00 0.000 3 
12:29:02.700 12:29:02.700  GPGGA 192919.000 3750.9064000 -12217.9392000 1 18 0.00 3.67 0.00 0.000 3 
12:29:03.693 12:29:03.693  GPGGA 192920.000 3750.9002000 -12217.9379000 1 18 0.00 4.65 0.00 0.000 37 
12:29:04.692 12:29:04.692  GPGGA 192921.000 3750.8945000 -12217.9366000 1 19 0.00 5.33 0.00 0.000 30 
12:29:05.692 12:29:05.692  GPGGA 192922.000 3750.8890000 -12217.9353000 1 19 0.00 5.71 0.00 0.000 3 
12:29:06.689 12:29:06.689  GPGGA 192923.000 3750.8833000 -12217.9339000 1 19 0.00 5.51 0.00 0.000 3 
12:29:07.691 12:29:07.691  GPGGA 192924.000 3750.8772000 -12217.9324000 1 19 0.00 4.63 0.00 0.000 3 
12:29:08.702 12:29:08.702  GPGGA 192925.000 3750.8706000 -12217.9307000 1 19 0.00 3.63 0.00 0.000 39 
12:29:09.707 12:29:09.707  GPGGA 192926.000 3750.8635000 -12217.9288000 1 19 0.00 2.51 0.00 0.000 3 
12:29:10.712 12:29:10.712  GPGGA 192927.000 3750.8560000 -12217.9270000 1 19 0.00 1.60 0.00 0.000 39 
12:29:11.702 12:29:11.702  GPGGA 192928.000 3750.8482000 -12217.9253000 1 19 0.00 0.88 0.00 0.000 3 
12:29:12.704 12:29:12.704  GPGGA 192929.000 3750.8403000 -12217.9235000 1 19 0.00 0.57 0.00 0.000 37 
12:29:13.699 12:29:13.699  GPGGA 192930.000 3750.8323000 -12217.9218000 1 19 0.00 0.46 0.00 0.000 35 
12:29:14.719 12:29:14.719  GPGGA 192931.000 3750.8243000 -12217.9202000 1 19 0.00 0.25 0.00 0.000 3 
12:29:15.711 12:29:15.711  GPGGA 192932.000 3750.8164000 -12217.9185000 1 18 0.00 0.23 0.00 0.000 33 
12:29:16.696 12:29:16.696  GPGGA 192933.000 3750.8085000 -12217.9167000 1 19 0.00 0.29 0.00 0.000 3 
12:29:17.692 12:29:17.692  GPGGA 192934.000 3750.8005000 -12217.9148000 1 19 0.00 0.07 0.00 0.000 35 
12:29:18.717 12:29:18.717  GPGGA 192935.000 3750.7922000 -12217.9128000 1 19 0.00 -0.23 0.00 0.000 1 
12:29:19.707 12:29:19.707  GPGGA 192936.000 3750.7835000 -12217.9108000 1 19 0.00 -0.94 0.00 0.000 10 
12:29:20.711 12:29:20.711  GPGGA 192937.000 3750.7744000 -12217.9087000 1 19 0.00 -1.39 0.00 0.000 18 
12:29:21.716 12:29:21.716  GPGGA 192938.000 3750.7648000 -12217.9064000 1 19 0.00 -2.08 0.00 0.000 16 
12:29:22.717 12:29:22.717  GPGGA 192939.000 3750.7548000 -12217.9041000 1 19 0.00 -2.74 0.00 0.000 18 
12:29:23.711 12:29:23.711  GPGGA 192940.000 3750.7445000 -12217.9017000 1 19 0.00 -3.07 0.00 0.000 1 
12:29:24.700 12:29:24.700  GPGGA 192941.000 3750.7341000 -12217.8994000 1 19 0.00 -3.17 0.00 0.000 1 
12:29:25.695 12:29:25.695  GPGGA 192942.000 3750.7235000 -12217.8971000 1 19 0.00 -3.22 0.00 0.000 10 
12:29:26.707 12:29:26.707  GPGGA 192943.000 3750.7128000 -12217.8948000 1 19 0.00 -3.16 0.00 0.000 13 
12:29:27.694 12:29:27.694  GPGGA 192944.000 3750.7020000 -12217.8926000 1 19 0.00 -3.20 0.00 0.000 10 
12:29:28.705 12:29:28.705  GPGGA 192945.000 3750.6909000 -12217.8903000 1 19 0.00 -3.20 0.00 0.000 15 
12:29:29.706 12:29:29.706  GPGGA 192946.000 3750.6797000 -12217.8881000 1 19 0.00 -3.10 0.00 0.000 17 
12:29:30.695 12:29:30.695  GPGGA 192947.000 3750.6689000 -12217.8861000 1 19 0.00 -2.42 0.00 0.000 10 
12:29:31.706 12:29:31.706  GPGGA 192948.000 3750.6583000 -12217.8840000 1 19 0.00 -1.84 0.00 0.000 1 
12:29:32.693 12:29:32.693  GPGGA 192949.000 3750.6479000 -12217.8819000 1 19 0.00 -1.46 0.00 0.000 1 
12:29:33.696 12:29:33.696  GPGGA 192950.000 3750.6373000 -12217.8798000 1 19 0.00 -1.55 0.00 0.000 1 
12:29:34.694 12:29:34.694  GPGGA 192951.000 3750.6262000 -12217.8777000 1 19 0.00 -1.98 0.00 0.000 1 
12:29:35.706 12:29:35.706  GPGGA 192952.000 3750.6144000 -12217.8756000 1 19 0.00 -2.58 0.00 0.000 12 
