Receiving GPS point for DB variable 8001
writing output to stdout
12:48:44.788 12:48:44.789  GPGGA 194901.000 3759.6194000 -12218.0406000 1 18 0.00 45.81 0.00 0.000 0 
12:48:45.788 12:48:45.788  GPGGA 194902.000 3759.6166000 -12218.0603000 1 19 0.00 46.30 0.00 0.000 0 
12:48:46.787 12:48:46.787  GPGGA 194903.000 3759.6138000 -12218.0801000 1 19 0.00 46.79 0.00 0.000 6 
12:48:47.789 12:48:47.789  GPGGA 194904.000 3759.6110000 -12218.0999000 1 18 0.00 47.37 0.00 0.000 1 
12:48:48.788 12:48:48.788  GPGGA 194905.000 3759.6084000 -12218.1195000 1 18 0.00 47.47 0.00 0.000 0 
12:48:49.787 12:48:49.787  GPGGA 194906.000 3759.6058000 -12218.1391000 1 16 0.00 47.70 0.00 0.000 0 
12:48:50.791 12:48:50.791  GPGGA 194907.000 3759.6030000 -12218.1593000 1 17 0.00 47.78 0.00 0.000 2 
12:48:51.791 12:48:51.791  GPGGA 194908.000 3759.6002000 -12218.1794000 1 19 0.00 48.01 0.00 0.000 6 
12:48:52.802 12:48:52.802  GPGGA 194909.000 3759.5973000 -12218.1995000 1 19 0.00 48.60 0.00 0.000 3 
12:48:53.792 12:48:53.792  GPGGA 194910.000 3759.5941000 -12218.2197000 1 19 0.00 49.36 0.00 0.000 1 
12:48:54.801 12:48:54.801  GPGGA 194911.000 3759.5907000 -12218.2400000 1 19 0.00 50.13 0.00 0.000 6 
12:48:55.785 12:48:55.785  GPGGA 194912.000 3759.5870000 -12218.2601000 1 19 0.00 50.85 0.00 0.000 8 
12:48:56.791 12:48:56.792  GPGGA 194913.000 3759.5830000 -12218.2801000 1 19 0.00 51.41 0.00 0.000 0 
12:48:57.786 12:48:57.786  GPGGA 194914.000 3759.5787000 -12218.3000000 1 19 0.00 52.05 0.00 0.000 5 
12:48:58.790 12:48:58.790  GPGGA 194915.000 3759.5740000 -12218.3199000 1 19 0.00 52.56 0.00 0.000 8 
12:48:59.784 12:48:59.784  GPGGA 194916.000 3759.5691000 -12218.3396000 1 19 0.00 53.15 0.00 0.000 0 
12:49:00.788 12:49:00.788  GPGGA 194917.000 3759.5638000 -12218.3592000 1 19 0.00 53.82 0.00 0.000 3 
12:49:01.790 12:49:01.790  GPGGA 194918.000 3759.5581000 -12218.3785000 1 19 0.00 54.50 0.00 0.000 1 
12:49:02.784 12:49:02.784  GPGGA 194919.000 3759.5520000 -12218.3977000 1 19 0.00 55.19 0.00 0.000 4 
12:49:03.789 12:49:03.789  GPGGA 194920.000 3759.5456000 -12218.4167000 1 19 0.00 55.79 0.00 0.000 6 
12:49:04.784 12:49:04.784  GPGGA 194921.000 3759.5389000 -12218.4355000 1 19 0.00 56.62 0.00 0.000 8 
12:49:05.801 12:49:05.801  GPGGA 194922.000 3759.5320000 -12218.4537000 1 19 0.00 57.53 0.00 0.000 9 
12:49:06.802 12:49:06.802  GPGGA 194923.000 3759.5249000 -12218.4715000 1 19 0.00 58.27 0.00 0.000 8 
12:49:07.801 12:49:07.801  GPGGA 194924.000 3759.5177000 -12218.4890000 1 19 0.00 58.94 0.00 0.000 0 
12:49:08.792 12:49:08.792  GPGGA 194925.000 3759.5102000 -12218.5062000 1 19 0.00 59.46 0.00 0.000 2 
12:49:09.788 12:49:09.788  GPGGA 194926.000 3759.5023000 -12218.5233000 1 19 0.00 59.93 0.00 0.000 0 
12:49:10.801 12:49:10.801  GPGGA 194927.000 3759.4942000 -12218.5402000 1 19 0.00 60.32 0.00 0.000 6 
12:49:11.802 12:49:11.802  GPGGA 194928.000 3759.4858000 -12218.5570000 1 19 0.00 60.70 0.00 0.000 1 
12:49:12.800 12:49:12.800  GPGGA 194929.000 3759.4770000 -12218.5736000 1 19 0.00 61.08 0.00 0.000 0 
12:49:13.801 12:49:13.802  GPGGA 194930.000 3759.4679000 -12218.5900000 1 19 0.00 61.53 0.00 0.000 0 
12:49:14.806 12:49:14.806  GPGGA 194931.000 3759.4585000 -12218.6063000 1 19 0.00 61.94 0.00 0.000 0 
12:49:15.791 12:49:15.791  GPGGA 194932.000 3759.4489000 -12218.6225000 1 19 0.00 62.34 0.00 0.000 0 
12:49:16.789 12:49:16.789  GPGGA 194933.000 3759.4392000 -12218.6387000 1 18 0.00 62.83 0.00 0.000 4 
12:49:17.786 12:49:17.786  GPGGA 194934.000 3759.4293000 -12218.6548000 1 19 0.00 63.22 0.00 0.000 0 
12:49:18.801 12:49:18.801  GPGGA 194935.000 3759.4192000 -12218.6709000 1 19 0.00 63.70 0.00 0.000 0 
12:49:19.801 12:49:19.802  GPGGA 194936.000 3759.4088000 -12218.6868000 1 19 0.00 64.20 0.00 0.000 0 
12:49:20.797 12:49:20.797  GPGGA 194937.000 3759.3982000 -12218.7024000 1 19 0.00 64.82 0.00 0.000 1 
12:49:21.794 12:49:21.794  GPGGA 194938.000 3759.3873000 -12218.7177000 1 19 0.00 65.51 0.00 0.000 9 
12:49:22.790 12:49:22.790  GPGGA 194939.000 3759.3762000 -12218.7325000 1 19 0.00 66.15 0.00 0.000 1 
12:49:23.785 12:49:23.785  GPGGA 194940.000 3759.3648000 -12218.7470000 1 19 0.00 66.56 0.00 0.000 6 
12:49:24.796 12:49:24.797  GPGGA 194941.000 3759.3532000 -12218.7608000 1 19 0.00 67.18 0.00 0.000 0 
12:49:25.798 12:49:25.798  GPGGA 194942.000 3759.3415000 -12218.7743000 1 19 0.00 67.88 0.00 0.000 0 
12:49:26.802 12:49:26.802  GPGGA 194943.000 3759.3296000 -12218.7875000 1 19 0.00 68.47 0.00 0.000 5 
12:49:27.797 12:49:27.797  GPGGA 194944.000 3759.3175000 -12218.8005000 1 19 0.00 68.76 0.00 0.000 0 
12:49:28.797 12:49:28.797  GPGGA 194945.000 3759.3051000 -12218.8133000 1 19 0.00 68.95 0.00 0.000 1 
12:49:29.797 12:49:29.797  GPGGA 194946.000 3759.2923000 -12218.8257000 1 19 0.00 69.25 0.00 0.000 4 
12:49:30.798 12:49:30.798  GPGGA 194947.000 3759.2794000 -12218.8377000 1 19 0.00 69.44 0.00 0.000 3 
12:49:31.802 12:49:31.802  GPGGA 194948.000 3759.2661000 -12218.8495000 1 19 0.00 69.65 0.00 0.000 0 
12:49:32.787 12:49:32.787  GPGGA 194949.000 3759.2525000 -12218.8609000 1 19 0.00 69.88 0.00 0.000 9 
12:49:33.786 12:49:33.786  GPGGA 194950.000 3759.2388000 -12218.8718000 1 19 0.00 70.16 0.00 0.000 0 
12:49:34.787 12:49:34.787  GPGGA 194951.000 3759.2248000 -12218.8823000 1 19 0.00 70.45 0.00 0.000 3 
12:49:35.788 12:49:35.788  GPGGA 194952.000 3759.2108000 -12218.8925000 1 19 0.00 70.58 0.00 0.000 0 
12:49:36.801 12:49:36.801  GPGGA 194953.000 3759.1966000 -12218.9022000 1 16 0.00 70.53 0.00 0.000 5 
12:49:37.802 12:49:37.802  GPGGA 194954.000 3759.1822000 -12218.9114000 1 15 0.00 70.72 0.00 0.000 7 
12:49:38.805 12:49:38.805  GPGGA 194955.000 3759.1675000 -12218.9203000 1 19 0.00 70.97 0.00 0.000 8 
12:49:39.801 12:49:39.801  GPGGA 194956.000 3759.1528000 -12218.9287000 1 19 0.00 71.42 0.00 0.000 5 
12:49:40.801 12:49:40.801  GPGGA 194957.000 3759.1378000 -12218.9366000 1 19 0.00 71.72 0.00 0.000 0 
12:49:41.801 12:49:41.801  GPGGA 194958.000 3759.1227000 -12218.9441000 1 19 0.00 72.05 0.00 0.000 0 
12:49:42.791 12:49:42.791  GPGGA 194959.000 3759.1076000 -12218.9510000 1 19 0.00 72.38 0.00 0.000 3 
12:49:43.787 12:49:43.787  GPGGA 195000.000 3759.0923000 -12218.9574000 1 19 0.00 72.76 0.00 0.000 7 
12:49:44.804 12:49:44.805  GPGGA 195001.000 3759.0769000 -12218.9633000 1 19 0.00 73.24 0.00 0.000 0 
12:49:45.801 12:49:45.801  GPGGA 195002.000 3759.0613000 -12218.9685000 1 19 0.00 73.56 0.00 0.000 7 
12:49:46.805 12:49:46.805  GPGGA 195003.000 3759.0456000 -12218.9732000 1 19 0.00 73.78 0.00 0.000 4 
12:49:47.806 12:49:47.806  GPGGA 195004.000 3759.0299000 -12218.9774000 1 19 0.00 74.05 0.00 0.000 9 
12:49:48.792 12:49:48.792  GPGGA 195005.000 3759.0140000 -12218.9812000 1 19 0.00 74.31 0.00 0.000 7 
12:49:49.790 12:49:49.790  GPGGA 195006.000 3758.9982000 -12218.9849000 1 19 0.00 74.48 0.00 0.000 0 
12:49:50.801 12:49:50.801  GPGGA 195007.000 3758.9824000 -12218.9884000 1 19 0.00 74.78 0.00 0.000 4 
12:49:51.792 12:49:51.792  GPGGA 195008.000 3758.9666000 -12218.9919000 1 19 0.00 75.07 0.00 0.000 0 
12:49:52.791 12:49:52.791  GPGGA 195009.000 3758.9509000 -12218.9952000 1 19 0.00 75.35 0.00 0.000 0 
12:49:53.804 12:49:53.804  GPGGA 195010.000 3758.9351000 -12218.9987000 1 19 0.00 75.71 0.00 0.000 1 
12:49:54.801 12:49:54.801  GPGGA 195011.000 3758.9194000 -12219.0024000 1 19 0.00 76.03 0.00 0.000 5 
12:49:55.801 12:49:55.801  GPGGA 195012.000 3758.9036000 -12219.0064000 1 19 0.00 76.21 0.00 0.000 0 
12:49:56.794 12:49:56.794  GPGGA 195013.000 3758.8879000 -12219.0107000 1 19 0.00 76.41 0.00 0.000 0 
12:49:57.788 12:49:57.788  GPGGA 195014.000 3758.8720000 -12219.0152000 1 19 0.00 76.45 0.00 0.000 0 
12:49:58.791 12:49:58.792  GPGGA 195015.000 3758.8560000 -12219.0198000 1 19 0.00 76.31 0.00 0.000 8 
12:49:59.792 12:49:59.792  GPGGA 195016.000 3758.8401000 -12219.0247000 1 19 0.00 76.33 0.00 0.000 0 
12:50:00.801 12:50:00.801  GPGGA 195017.000 3758.8242000 -12219.0299000 1 19 0.00 76.46 0.00 0.000 0 
12:50:01.788 12:50:01.788  GPGGA 195018.000 3758.8084000 -12219.0352000 1 19 0.00 76.77 0.00 0.000 0 
12:50:02.802 12:50:02.802  GPGGA 195019.000 3758.7926000 -12219.0406000 1 19 0.00 77.17 0.00 0.000 2 
12:50:03.793 12:50:03.793  GPGGA 195020.000 3758.7769000 -12219.0460000 1 19 0.00 77.61 0.00 0.000 0 
12:50:04.805 12:50:04.805  GPGGA 195021.000 3758.7612000 -12219.0513000 1 19 0.00 78.02 0.00 0.000 0 
12:50:05.791 12:50:05.791  GPGGA 195022.000 3758.7454000 -12219.0567000 1 19 0.00 78.44 0.00 0.000 0 
12:50:06.789 12:50:06.789  GPGGA 195023.000 3758.7297000 -12219.0620000 1 19 0.00 78.67 0.00 0.000 4 
12:50:07.789 12:50:07.789  GPGGA 195024.000 3758.7139000 -12219.0673000 1 19 0.00 78.78 0.00 0.000 0 
12:50:08.800 12:50:08.800  GPGGA 195025.000 3758.6982000 -12219.0726000 1 19 0.00 78.83 0.00 0.000 1 
12:50:09.808 12:50:09.808  GPGGA 195026.000 3758.6825000 -12219.0779000 1 19 0.00 78.76 0.00 0.000 0 
12:50:10.804 12:50:10.804  GPGGA 195027.000 3758.6668000 -12219.0831000 1 19 0.00 78.54 0.00 0.000 0 
12:50:11.803 12:50:11.803  GPGGA 195028.000 3758.6511000 -12219.0883000 1 19 0.00 78.18 0.00 0.000 8 
12:50:12.791 12:50:12.792  GPGGA 195029.000 3758.6354000 -12219.0936000 1 19 0.00 77.82 0.00 0.000 0 
12:50:13.801 12:50:13.801  GPGGA 195030.000 3758.6196000 -12219.0989000 1 19 0.00 77.32 0.00 0.000 6 
12:50:14.793 12:50:14.793  GPGGA 195031.000 3758.6038000 -12219.1042000 1 19 0.00 76.66 0.00 0.000 0 
12:50:15.801 12:50:15.801  GPGGA 195032.000 3758.5879000 -12219.1096000 1 19 0.00 75.79 0.00 0.000 4 
12:50:16.801 12:50:16.801  GPGGA 195033.000 3758.5720000 -12219.1150000 1 18 0.00 75.39 0.00 0.000 8 
12:50:17.790 12:50:17.790  GPGGA 195034.000 3758.5559000 -12219.1205000 1 16 0.00 75.07 0.00 0.000 3 
12:50:18.803 12:50:18.803  GPGGA 195035.000 3758.5399000 -12219.1260000 1 18 0.00 74.31 0.00 0.000 1 
12:50:19.790 12:50:19.790  GPGGA 195036.000 3758.5239000 -12219.1314000 1 19 0.00 72.90 0.00 0.000 7 
12:50:20.791 12:50:20.791  GPGGA 195037.000 3758.5078000 -12219.1367000 1 19 0.00 71.63 0.00 0.000 0 
12:50:21.801 12:50:21.801  GPGGA 195038.000 3758.4916000 -12219.1420000 1 18 0.00 70.62 0.00 0.000 0 
12:50:22.801 12:50:22.801  GPGGA 195039.000 3758.4754000 -12219.1473000 1 18 0.00 69.66 0.00 0.000 3 
12:50:23.790 12:50:23.791  GPGGA 195040.000 3758.4592000 -12219.1527000 1 19 0.00 68.72 0.00 0.000 0 
12:50:24.801 12:50:24.801  GPGGA 195041.000 3758.4430000 -12219.1582000 1 19 0.00 67.72 0.00 0.000 8 
12:50:25.805 12:50:25.805  GPGGA 195042.000 3758.4268000 -12219.1636000 1 19 0.00 66.98 0.00 0.000 9 
12:50:26.793 12:50:26.793  GPGGA 195043.000 3758.4108000 -12219.1691000 1 19 0.00 66.11 0.00 0.000 1 
12:50:27.791 12:50:27.791  GPGGA 195044.000 3758.3949000 -12219.1744000 1 19 0.00 65.63 0.00 0.000 3 
12:50:28.803 12:50:28.803  GPGGA 195045.000 3758.3792000 -12219.1796000 1 17 0.00 65.15 0.00 0.000 0 
12:50:29.802 12:50:29.802  GPGGA 195046.000 3758.3637000 -12219.1848000 1 18 0.00 64.57 0.00 0.000 3 
12:50:30.799 12:50:30.799  GPGGA 195047.000 3758.3482000 -12219.1898000 1 19 0.00 64.06 0.00 0.000 6 
12:50:31.796 12:50:31.796  GPGGA 195048.000 3758.3329000 -12219.1950000 1 18 0.00 63.23 0.00 0.000 0 
12:50:32.796 12:50:32.796  GPGGA 195049.000 3758.3177000 -12219.2003000 1 19 0.00 62.16 0.00 0.000 9 
12:50:33.803 12:50:33.803  GPGGA 195050.000 3758.3025000 -12219.2055000 1 19 0.00 61.15 0.00 0.000 4 
12:50:34.808 12:50:34.808  GPGGA 195051.000 3758.2873000 -12219.2106000 1 19 0.00 60.03 0.00 0.000 0 
12:50:35.804 12:50:35.804  GPGGA 195052.000 3758.2722000 -12219.2156000 1 19 0.00 58.97 0.00 0.000 5 
12:50:36.812 12:50:36.812  GPGGA 195053.000 3758.2571000 -12219.2205000 1 19 0.00 58.07 0.00 0.000 0 
12:50:37.800 12:50:37.800  GPGGA 195054.000 3758.2421000 -12219.2254000 1 19 0.00 57.22 0.00 0.000 3 
12:50:38.805 12:50:38.805  GPGGA 195055.000 3758.2271000 -12219.2304000 1 19 0.00 56.47 0.00 0.000 7 
12:50:39.802 12:50:39.802  GPGGA 195056.000 3758.2121000 -12219.2354000 1 19 0.00 55.55 0.00 0.000 7 
12:50:40.812 12:50:40.812  GPGGA 195057.000 3758.1971000 -12219.2405000 1 19 0.00 54.61 0.00 0.000 0 
12:50:41.795 12:50:41.795  GPGGA 195058.000 3758.1820000 -12219.2456000 1 19 0.00 53.62 0.00 0.000 5 
12:50:42.806 12:50:42.806  GPGGA 195059.000 3758.1668000 -12219.2507000 1 18 0.00 52.63 0.00 0.000 2 
12:50:43.810 12:50:43.810  GPGGA 195100.000 3758.1514000 -12219.2559000 1 17 0.00 51.65 0.00 0.000 6 
12:50:44.801 12:50:44.801  GPGGA 195101.000 3758.1360000 -12219.2610000 1 18 0.00 50.58 0.00 0.000 0 
12:50:45.796 12:50:45.796  GPGGA 195102.000 3758.1206000 -12219.2662000 1 18 0.00 49.59 0.00 0.000 2 
12:50:46.812 12:50:46.812  GPGGA 195103.000 3758.1054000 -12219.2714000 1 19 0.00 48.59 0.00 0.000 6 
12:50:47.793 12:50:47.793  GPGGA 195104.000 3758.0902000 -12219.2770000 1 19 0.00 47.95 0.00 0.000 7 
12:50:48.802 12:50:48.802  GPGGA 195105.000 3758.0754000 -12219.2831000 1 18 0.00 47.15 0.00 0.000 8 
12:50:49.808 12:50:49.808  GPGGA 195106.000 3758.0610000 -12219.2902000 1 18 0.00 46.50 0.00 0.000 0 
12:50:50.801 12:50:50.802  GPGGA 195107.000 3758.0470000 -12219.2982000 1 19 0.00 45.58 0.00 0.000 0 
12:50:51.806 12:50:51.806  GPGGA 195108.000 3758.0335000 -12219.3072000 1 18 0.00 44.53 0.00 0.000 9 
12:50:52.795 12:50:52.795  GPGGA 195109.000 3758.0204000 -12219.3171000 1 19 0.00 43.26 0.00 0.000 0 
12:50:53.805 12:50:53.805  GPGGA 195110.000 3758.0078000 -12219.3277000 1 19 0.00 42.03 0.00 0.000 0 
12:50:54.794 12:50:54.794  GPGGA 195111.000 3757.9956000 -12219.3391000 1 19 0.00 40.89 0.00 0.000 4 
12:50:55.807 12:50:55.807  GPGGA 195112.000 3757.9839000 -12219.3514000 1 19 0.00 39.71 0.00 0.000 0 
12:50:56.801 12:50:56.801  GPGGA 195113.000 3757.9727000 -12219.3645000 1 19 0.00 38.55 0.00 0.000 0 
12:50:57.801 12:50:57.802  GPGGA 195114.000 3757.9620000 -12219.3784000 1 19 0.00 37.37 0.00 0.000 0 
12:50:58.806 12:50:58.806  GPGGA 195115.000 3757.9518000 -12219.3931000 1 19 0.00 36.27 0.00 0.000 3 
12:50:59.797 12:50:59.797  GPGGA 195116.000 3757.9422000 -12219.4084000 1 19 0.00 35.22 0.00 0.000 0 
12:51:00.795 12:51:00.795  GPGGA 195117.000 3757.9330000 -12219.4244000 1 19 0.00 34.33 0.00 0.000 4 
12:51:01.801 12:51:01.801  GPGGA 195118.000 3757.9241000 -12219.4406000 1 19 0.00 33.50 0.00 0.000 0 
12:51:02.801 12:51:02.801  GPGGA 195119.000 3757.9153000 -12219.4572000 1 19 0.00 32.39 0.00 0.000 3 
12:51:03.805 12:51:03.805  GPGGA 195120.000 3757.9065000 -12219.4737000 1 19 0.00 31.30 0.00 0.000 4 
12:51:04.807 12:51:04.808  GPGGA 195121.000 3757.8976000 -12219.4904000 1 19 0.00 30.27 0.00 0.000 6 
12:51:05.801 12:51:05.801  GPGGA 195122.000 3757.8888000 -12219.5071000 1 19 0.00 29.22 0.00 0.000 2 
12:51:06.795 12:51:06.795  GPGGA 195123.000 3757.8799000 -12219.5240000 1 19 0.00 28.22 0.00 0.000 0 
12:51:07.809 12:51:07.810  GPGGA 195124.000 3757.8709000 -12219.5409000 1 19 0.00 27.27 0.00 0.000 2 
12:51:08.808 12:51:08.808  GPGGA 195125.000 3757.8619000 -12219.5579000 1 19 0.00 26.67 0.00 0.000 0 
12:51:09.812 12:51:09.812  GPGGA 195126.000 3757.8529000 -12219.5749000 1 19 0.00 26.30 0.00 0.000 0 
12:51:10.808 12:51:10.808  GPGGA 195127.000 3757.8439000 -12219.5920000 1 19 0.00 25.86 0.00 0.000 0 
12:51:11.801 12:51:11.801  GPGGA 195128.000 3757.8348000 -12219.6093000 1 19 0.00 25.41 0.00 0.000 9 
12:51:12.807 12:51:12.807  GPGGA 195129.000 3757.8257000 -12219.6268000 1 19 0.00 25.04 0.00 0.000 0 
12:51:13.804 12:51:13.804  GPGGA 195130.000 3757.8166000 -12219.6442000 1 19 0.00 24.76 0.00 0.000 3 
12:51:14.802 12:51:14.803  GPGGA 195131.000 3757.8071000 -12219.6613000 1 19 0.00 24.72 0.00 0.000 7 
12:51:15.811 12:51:15.811  GPGGA 195132.000 3757.7971000 -12219.6781000 1 19 0.00 25.01 0.00 0.000 0 
12:51:16.801 12:51:16.801  GPGGA 195133.000 3757.7866000 -12219.6943000 1 19 0.00 25.27 0.00 0.000 0 
12:51:17.800 12:51:17.800  GPGGA 195134.000 3757.7755000 -12219.7101000 1 19 0.00 25.61 0.00 0.000 0 
12:51:18.800 12:51:18.800  GPGGA 195135.000 3757.7639000 -12219.7251000 1 19 0.00 26.07 0.00 0.000 5 
12:51:19.801 12:51:19.801  GPGGA 195136.000 3757.7517000 -12219.7394000 1 19 0.00 26.91 0.00 0.000 0 
12:51:20.796 12:51:20.796  GPGGA 195137.000 3757.7390000 -12219.7527000 1 19 0.00 27.91 0.00 0.000 9 
12:51:21.801 12:51:21.801  GPGGA 195138.000 3757.7259000 -12219.7653000 1 19 0.00 28.75 0.00 0.000 7 
12:51:22.800 12:51:22.800  GPGGA 195139.000 3757.7125000 -12219.7770000 1 19 0.00 29.71 0.00 0.000 0 
12:51:23.808 12:51:23.808  GPGGA 195140.000 3757.6987000 -12219.7879000 1 19 0.00 30.57 0.00 0.000 0 
12:51:24.807 12:51:24.807  GPGGA 195141.000 3757.6847000 -12219.7979000 1 19 0.00 31.38 0.00 0.000 0 
12:51:25.801 12:51:25.801  GPGGA 195142.000 3757.6704000 -12219.8070000 1 19 0.00 32.23 0.00 0.000 6 
12:51:26.809 12:51:26.809  GPGGA 195143.000 3757.6560000 -12219.8153000 1 19 0.00 33.05 0.00 0.000 2 
12:51:27.798 12:51:27.798  GPGGA 195144.000 3757.6415000 -12219.8225000 1 19 0.00 33.98 0.00 0.000 0 
12:51:28.809 12:51:28.809  GPGGA 195145.000 3757.6269000 -12219.8288000 1 19 0.00 34.99 0.00 0.000 0 
12:51:29.796 12:51:29.796  GPGGA 195146.000 3757.6123000 -12219.8342000 1 19 0.00 35.96 0.00 0.000 0 
12:51:30.807 12:51:30.807  GPGGA 195147.000 3757.5977000 -12219.8390000 1 19 0.00 36.61 0.00 0.000 5 
12:51:31.806 12:51:31.806  GPGGA 195148.000 3757.5830000 -12219.8428000 1 19 0.00 37.11 0.00 0.000 0 
12:51:32.807 12:51:32.807  GPGGA 195149.000 3757.5683000 -12219.8459000 1 19 0.00 37.45 0.00 0.000 0 
12:51:33.805 12:51:33.805  GPGGA 195150.000 3757.5535000 -12219.8481000 1 19 0.00 37.64 0.00 0.000 0 
12:51:34.809 12:51:34.809  GPGGA 195151.000 3757.5387000 -12219.8496000 1 19 0.00 37.76 0.00 0.000 1 
12:51:35.797 12:51:35.797  GPGGA 195152.000 3757.5239000 -12219.8503000 1 19 0.00 37.73 0.00 0.000 0 
12:51:36.801 12:51:36.801  GPGGA 195153.000 3757.5092000 -12219.8502000 1 19 0.00 37.73 0.00 0.000 0 
12:51:37.811 12:51:37.811  GPGGA 195154.000 3757.4945000 -12219.8493000 1 19 0.00 37.70 0.00 0.000 2 
12:51:38.814 12:51:38.814  GPGGA 195155.000 3757.4798000 -12219.8475000 1 19 0.00 37.44 0.00 0.000 2 
12:51:39.802 12:51:39.802  GPGGA 195156.000 3757.4651000 -12219.8449000 1 19 0.00 37.30 0.00 0.000 9 
12:51:40.810 12:51:40.810  GPGGA 195157.000 3757.4505000 -12219.8415000 1 19 0.00 37.13 0.00 0.000 2 
12:51:41.797 12:51:41.797  GPGGA 195158.000 3757.4358000 -12219.8374000 1 19 0.00 36.93 0.00 0.000 0 
12:51:42.800 12:51:42.800  GPGGA 195159.000 3757.4212000 -12219.8325000 1 19 0.00 36.74 0.00 0.000 9 
12:51:43.811 12:51:43.811  GPGGA 195200.000 3757.4067000 -12219.8268000 1 19 0.00 36.51 0.00 0.000 9 
12:51:44.802 12:51:44.802  GPGGA 195201.000 3757.3924000 -12219.8203000 1 19 0.00 36.42 0.00 0.000 0 
12:51:45.803 12:51:45.803  GPGGA 195202.000 3757.3783000 -12219.8131000 1 19 0.00 36.30 0.00 0.000 9 
12:51:46.809 12:51:46.810  GPGGA 195203.000 3757.3645000 -12219.8054000 1 19 0.00 36.07 0.00 0.000 5 
12:51:47.810 12:51:47.810  GPGGA 195204.000 3757.3506000 -12219.7973000 1 19 0.00 35.67 0.00 0.000 0 
12:51:48.809 12:51:48.809  GPGGA 195205.000 3757.3370000 -12219.7892000 1 19 0.00 35.87 0.00 0.000 6 
12:51:49.802 12:51:49.802  GPGGA 195206.000 3757.3236000 -12219.7817000 1 18 0.00 36.35 0.00 0.000 0 
12:51:50.811 12:51:50.811  GPGGA 195207.000 3757.3102000 -12219.7740000 1 19 0.00 36.26 0.00 0.000 0 
12:51:51.801 12:51:51.801  GPGGA 195208.000 3757.2971000 -12219.7663000 1 18 0.00 36.21 0.00 0.000 0 
12:51:52.813 12:51:52.813  GPGGA 195209.000 3757.2841000 -12219.7587000 1 19 0.00 36.30 0.00 0.000 4 
12:51:53.800 12:51:53.800  GPGGA 195210.000 3757.2711000 -12219.7510000 1 18 0.00 36.27 0.00 0.000 0 
12:51:54.806 12:51:54.806  GPGGA 195211.000 3757.2582000 -12219.7434000 1 19 0.00 36.19 0.00 0.000 0 
12:51:55.811 12:51:55.811  GPGGA 195212.000 3757.2452000 -12219.7358000 1 19 0.00 36.05 0.00 0.000 2 
12:51:56.799 12:51:56.799  GPGGA 195213.000 3757.2322000 -12219.7283000 1 19 0.00 35.85 0.00 0.000 0 
12:51:57.801 12:51:57.801  GPGGA 195214.000 3757.2192000 -12219.7209000 1 19 0.00 35.62 0.00 0.000 0 
12:51:58.807 12:51:58.807  GPGGA 195215.000 3757.2061000 -12219.7135000 1 19 0.00 35.44 0.00 0.000 0 
12:51:59.801 12:51:59.801  GPGGA 195216.000 3757.1929000 -12219.7062000 1 19 0.00 35.30 0.00 0.000 0 
12:52:00.801 12:52:00.801  GPGGA 195217.000 3757.1798000 -12219.6990000 1 19 0.00 35.11 0.00 0.000 8 
12:52:01.804 12:52:01.804  GPGGA 195218.000 3757.1664000 -12219.6918000 1 19 0.00 34.89 0.00 0.000 5 
12:52:02.806 12:52:02.806  GPGGA 195219.000 3757.1529000 -12219.6848000 1 19 0.00 34.68 0.00 0.000 5 
12:52:03.807 12:52:03.807  GPGGA 195220.000 3757.1394000 -12219.6778000 1 19 0.00 34.45 0.00 0.000 0 
12:52:04.802 12:52:04.802  GPGGA 195221.000 3757.1257000 -12219.6710000 1 19 0.00 34.09 0.00 0.000 5 
12:52:05.817 12:52:05.817  GPGGA 195222.000 3757.1118000 -12219.6643000 1 19 0.00 33.77 0.00 0.000 7 
12:52:06.801 12:52:06.801  GPGGA 195223.000 3757.0979000 -12219.6576000 1 19 0.00 33.34 0.00 0.000 0 
12:52:07.816 12:52:07.816  GPGGA 195224.000 3757.0839000 -12219.6509000 1 19 0.00 32.96 0.00 0.000 9 
12:52:08.809 12:52:08.809  GPGGA 195225.000 3757.0698000 -12219.6443000 1 19 0.00 32.69 0.00 0.000 2 
12:52:09.811 12:52:09.811  GPGGA 195226.000 3757.0558000 -12219.6377000 1 19 0.00 32.40 0.00 0.000 5 
12:52:10.810 12:52:10.810  GPGGA 195227.000 3757.0417000 -12219.6311000 1 19 0.00 32.13 0.00 0.000 8 
12:52:11.804 12:52:11.804  GPGGA 195228.000 3757.0276000 -12219.6244000 1 19 0.00 31.81 0.00 0.000 0 
12:52:12.801 12:52:12.801  GPGGA 195229.000 3757.0136000 -12219.6177000 1 19 0.00 31.50 0.00 0.000 6 
12:52:13.812 12:52:13.812  GPGGA 195230.000 3756.9995000 -12219.6110000 1 18 0.00 31.28 0.00 0.000 8 
12:52:14.801 12:52:14.801  GPGGA 195231.000 3756.9856000 -12219.6043000 1 18 0.00 31.08 0.00 0.000 2 
12:52:15.808 12:52:15.808  GPGGA 195232.000 3756.9715000 -12219.5976000 1 19 0.00 30.74 0.00 0.000 0 
12:52:16.802 12:52:16.802  GPGGA 195233.000 3756.9575000 -12219.5909000 1 19 0.00 30.38 0.00 0.000 0 
12:52:17.804 12:52:17.804  GPGGA 195234.000 3756.9434000 -12219.5841000 1 19 0.00 29.96 0.00 0.000 9 
12:52:18.806 12:52:18.806  GPGGA 195235.000 3756.9292000 -12219.5773000 1 18 0.00 29.58 0.00 0.000 0 
12:52:19.815 12:52:19.815  GPGGA 195236.000 3756.9150000 -12219.5704000 1 19 0.00 29.27 0.00 0.000 8 
12:52:20.806 12:52:20.806  GPGGA 195237.000 3756.9005000 -12219.5634000 1 17 0.00 28.85 0.00 0.000 0 
12:52:21.805 12:52:21.805  GPGGA 195238.000 3756.8864000 -12219.5566000 1 19 0.00 29.02 0.00 0.000 8 
12:52:22.810 12:52:22.810  GPGGA 195239.000 3756.8722000 -12219.5497000 1 18 0.00 28.78 0.00 0.000 6 
12:52:23.813 12:52:23.813  GPGGA 195240.000 3756.8580000 -12219.5430000 1 19 0.00 28.48 0.00 0.000 0 
12:52:24.816 12:52:24.816  GPGGA 195241.000 3756.8438000 -12219.5362000 1 19 0.00 28.12 0.00 0.000 1 
12:52:25.819 12:52:25.819  GPGGA 195242.000 3756.8296000 -12219.5294000 1 18 0.00 28.00 0.00 0.000 0 
12:52:26.801 12:52:26.801  GPGGA 195243.000 3756.8155000 -12219.5227000 1 19 0.00 27.81 0.00 0.000 8 
12:52:27.801 12:52:27.801  GPGGA 195244.000 3756.8016000 -12219.5161000 1 19 0.00 27.79 0.00 0.000 0 
12:52:28.804 12:52:28.804  GPGGA 195245.000 3756.7880000 -12219.5096000 1 19 0.00 28.14 0.00 0.000 0 
12:52:29.803 12:52:29.803  GPGGA 195246.000 3756.7747000 -12219.5032000 1 19 0.00 28.16 0.00 0.000 0 
12:52:30.810 12:52:30.810  GPGGA 195247.000 3756.7615000 -12219.4970000 1 19 0.00 28.16 0.00 0.000 9 
12:52:31.807 12:52:31.807  GPGGA 195248.000 3756.7484000 -12219.4907000 1 19 0.00 27.81 0.00 0.000 0 
12:52:32.814 12:52:32.814  GPGGA 195249.000 3756.7353000 -12219.4845000 1 19 0.00 27.26 0.00 0.000 0 
12:52:33.812 12:52:33.812  GPGGA 195250.000 3756.7221000 -12219.4782000 1 18 0.00 26.82 0.00 0.000 0 
12:52:34.814 12:52:34.814  GPGGA 195251.000 3756.7088000 -12219.4718000 1 19 0.00 26.23 0.00 0.000 4 
12:52:35.811 12:52:35.811  GPGGA 195252.000 3756.6955000 -12219.4655000 1 19 0.00 25.73 0.00 0.000 1 
12:52:36.807 12:52:36.807  GPGGA 195253.000 3756.6821000 -12219.4592000 1 18 0.00 25.36 0.00 0.000 0 
12:52:37.807 12:52:37.807  GPGGA 195254.000 3756.6687000 -12219.4533000 1 18 0.00 25.04 0.00 0.000 5 
12:52:38.802 12:52:38.802  GPGGA 195255.000 3756.6551000 -12219.4480000 1 19 0.00 24.53 0.00 0.000 7 
12:52:39.805 12:52:39.805  GPGGA 195256.000 3756.6413000 -12219.4435000 1 18 0.00 24.25 0.00 0.000 0 
12:52:40.818 12:52:40.818  GPGGA 195257.000 3756.6274000 -12219.4397000 1 19 0.00 24.04 0.00 0.000 6 
12:52:41.804 12:52:41.804  GPGGA 195258.000 3756.6134000 -12219.4369000 1 19 0.00 24.04 0.00 0.000 0 
12:52:42.818 12:52:42.818  GPGGA 195259.000 3756.5993000 -12219.4347000 1 18 0.00 23.74 0.00 0.000 5 
12:52:43.805 12:52:43.805  GPGGA 195300.000 3756.5850000 -12219.4333000 1 17 0.00 24.04 0.00 0.000 0 
12:52:44.810 12:52:44.810  GPGGA 195301.000 3756.5716000 -12219.4333000 1 19 0.00 25.03 0.00 0.000 0 
12:52:45.818 12:52:45.818  GPGGA 195302.000 3756.5581000 -12219.4339000 1 18 0.00 25.43 0.00 0.000 0 
12:52:46.805 12:52:46.805  GPGGA 195303.000 3756.5448000 -12219.4352000 1 19 0.00 25.69 0.00 0.000 0 
12:52:47.810 12:52:47.810  GPGGA 195304.000 3756.5318000 -12219.4373000 1 19 0.00 25.79 0.00 0.000 8 
12:52:48.805 12:52:48.805  GPGGA 195305.000 3756.5190000 -12219.4401000 1 19 0.00 25.83 0.00 0.000 0 
12:52:49.813 12:52:49.813  GPGGA 195306.000 3756.5063000 -12219.4437000 1 18 0.00 25.64 0.00 0.000 0 
12:52:50.814 12:52:50.814  GPGGA 195307.000 3756.4937000 -12219.4480000 1 19 0.00 25.30 0.00 0.000 0 
12:52:51.808 12:52:51.808  GPGGA 195308.000 3756.4811000 -12219.4530000 1 19 0.00 25.12 0.00 0.000 0 
12:52:52.821 12:52:52.821  GPGGA 195309.000 3756.4687000 -12219.4585000 1 19 0.00 24.96 0.00 0.000 8 
12:52:53.814 12:52:53.814  GPGGA 195310.000 3756.4562000 -12219.4646000 1 19 0.00 24.78 0.00 0.000 4 
12:52:54.806 12:52:54.806  GPGGA 195311.000 3756.4436000 -12219.4709000 1 19 0.00 24.69 0.00 0.000 0 
12:52:55.805 12:52:55.805  GPGGA 195312.000 3756.4309000 -12219.4774000 1 19 0.00 24.46 0.00 0.000 0 
12:52:56.811 12:52:56.811  GPGGA 195313.000 3756.4181000 -12219.4840000 1 19 0.00 24.37 0.00 0.000 0 
12:52:57.810 12:52:57.810  GPGGA 195314.000 3756.4054000 -12219.4906000 1 19 0.00 24.29 0.00 0.000 0 
12:52:58.801 12:52:58.801  GPGGA 195315.000 3756.3925000 -12219.4973000 1 19 0.00 24.38 0.00 0.000 4 
12:52:59.815 12:52:59.815  GPGGA 195316.000 3756.3796000 -12219.5038000 1 19 0.00 24.46 0.00 0.000 0 
12:53:00.812 12:53:00.812  GPGGA 195317.000 3756.3666000 -12219.5104000 1 19 0.00 24.61 0.00 0.000 0 
12:53:01.805 12:53:01.805  GPGGA 195318.000 3756.3536000 -12219.5170000 1 19 0.00 24.75 0.00 0.000 4 
12:53:02.806 12:53:02.806  GPGGA 195319.000 3756.3406000 -12219.5236000 1 19 0.00 24.87 0.00 0.000 0 
12:53:03.804 12:53:03.804  GPGGA 195320.000 3756.3275000 -12219.5304000 1 19 0.00 25.02 0.00 0.000 0 
12:53:04.805 12:53:04.805  GPGGA 195321.000 3756.3143000 -12219.5371000 1 18 0.00 25.16 0.00 0.000 0 
12:53:05.811 12:53:05.811  GPGGA 195322.000 3756.3011000 -12219.5439000 1 19 0.00 25.33 0.00 0.000 6 
12:53:06.806 12:53:06.806  GPGGA 195323.000 3756.2879000 -12219.5508000 1 19 0.00 25.45 0.00 0.000 2 
12:53:07.804 12:53:07.804  GPGGA 195324.000 3756.2745000 -12219.5578000 1 19 0.00 25.48 0.00 0.000 0 
12:53:08.816 12:53:08.816  GPGGA 195325.000 3756.2612000 -12219.5647000 1 19 0.00 25.52 0.00 0.000 9 
12:53:09.806 12:53:09.806  GPGGA 195326.000 3756.2478000 -12219.5715000 1 19 0.00 25.74 0.00 0.000 6 
12:53:10.805 12:53:10.805  GPGGA 195327.000 3756.2345000 -12219.5783000 1 19 0.00 25.98 0.00 0.000 3 
12:53:11.805 12:53:11.805  GPGGA 195328.000 3756.2212000 -12219.5852000 1 19 0.00 26.28 0.00 0.000 4 
12:53:12.822 12:53:12.822  GPGGA 195329.000 3756.2078000 -12219.5919000 1 19 0.00 26.55 0.00 0.000 0 
12:53:13.815 12:53:13.815  GPGGA 195330.000 3756.1945000 -12219.5985000 1 18 0.00 26.84 0.00 0.000 0 
12:53:14.820 12:53:14.820  GPGGA 195331.000 3756.1810000 -12219.6043000 1 19 0.00 27.31 0.00 0.000 5 
12:53:15.807 12:53:15.807  GPGGA 195332.000 3756.1675000 -12219.6095000 1 19 0.00 27.44 0.00 0.000 2 
12:53:16.815 12:53:16.815  GPGGA 195333.000 3756.1538000 -12219.6138000 1 19 0.00 27.17 0.00 0.000 9 
12:53:17.818 12:53:17.818  GPGGA 195334.000 3756.1400000 -12219.6172000 1 19 0.00 26.88 0.00 0.000 0 
12:53:18.810 12:53:18.810  GPGGA 195335.000 3756.1260000 -12219.6195000 1 19 0.00 26.54 0.00 0.000 4 
12:53:19.808 12:53:19.808  GPGGA 195336.000 3756.1123000 -12219.6208000 1 19 0.00 26.64 0.00 0.000 7 
12:53:20.821 12:53:20.821  GPGGA 195337.000 3756.0992000 -12219.6212000 1 18 0.00 27.07 0.00 0.000 0 
12:53:21.819 12:53:21.819  GPGGA 195338.000 3756.0867000 -12219.6208000 1 19 0.00 27.75 0.00 0.000 0 
12:53:22.817 12:53:22.817  GPGGA 195339.000 3756.0747000 -12219.6197000 1 19 0.00 28.11 0.00 0.000 4 
12:53:23.805 12:53:23.806  GPGGA 195340.000 3756.0628000 -12219.6179000 1 19 0.00 27.96 0.00 0.000 2 
12:53:24.806 12:53:24.806  GPGGA 195341.000 3756.0510000 -12219.6153000 1 19 0.00 27.54 0.00 0.000 0 
12:53:25.805 12:53:25.805  GPGGA 195342.000 3756.0391000 -12219.6119000 1 19 0.00 27.02 0.00 0.000 0 
12:53:26.809 12:53:26.809  GPGGA 195343.000 3756.0272000 -12219.6077000 1 19 0.00 26.28 0.00 0.000 1 
12:53:27.821 12:53:27.821  GPGGA 195344.000 3756.0151000 -12219.6026000 1 19 0.00 25.58 0.00 0.000 4 
12:53:28.808 12:53:28.808  GPGGA 195345.000 3756.0031000 -12219.5967000 1 19 0.00 25.04 0.00 0.000 4 
12:53:29.816 12:53:29.816  GPGGA 195346.000 3755.9911000 -12219.5900000 1 19 0.00 24.67 0.00 0.000 3 
12:53:30.809 12:53:30.810  GPGGA 195347.000 3755.9791000 -12219.5825000 1 19 0.00 24.31 0.00 0.000 1 
12:53:31.815 12:53:31.815  GPGGA 195348.000 3755.9672000 -12219.5745000 1 19 0.00 23.91 0.00 0.000 6 
12:53:32.810 12:53:32.810  GPGGA 195349.000 3755.9554000 -12219.5663000 1 19 0.00 23.68 0.00 0.000 3 
12:53:33.806 12:53:33.806  GPGGA 195350.000 3755.9436000 -12219.5581000 1 19 0.00 23.69 0.00 0.000 0 
12:53:34.817 12:53:34.817  GPGGA 195351.000 3755.9318000 -12219.5498000 1 19 0.00 23.86 0.00 0.000 2 
12:53:35.806 12:53:35.806  GPGGA 195352.000 3755.9201000 -12219.5414000 1 19 0.00 24.07 0.00 0.000 2 
12:53:36.807 12:53:36.807  GPGGA 195353.000 3755.9084000 -12219.5331000 1 19 0.00 24.38 0.00 0.000 0 
12:53:37.807 12:53:37.807  GPGGA 195354.000 3755.8968000 -12219.5247000 1 19 0.00 24.57 0.00 0.000 4 
12:53:38.807 12:53:38.807  GPGGA 195355.000 3755.8851000 -12219.5163000 1 19 0.00 24.65 0.00 0.000 0 
12:53:39.806 12:53:39.806  GPGGA 195356.000 3755.8732000 -12219.5081000 1 19 0.00 24.43 0.00 0.000 0 
12:53:40.807 12:53:40.807  GPGGA 195357.000 3755.8613000 -12219.4999000 1 19 0.00 24.19 0.00 0.000 7 
12:53:41.807 12:53:41.807  GPGGA 195358.000 3755.8492000 -12219.4917000 1 19 0.00 23.79 0.00 0.000 4 
12:53:42.806 12:53:42.806  GPGGA 195359.000 3755.8370000 -12219.4835000 1 19 0.00 23.44 0.00 0.000 1 
12:53:43.819 12:53:43.819  GPGGA 195400.000 3755.8246000 -12219.4751000 1 19 0.00 22.78 0.00 0.000 0 
12:53:44.809 12:53:44.809  GPGGA 195401.000 3755.8121000 -12219.4665000 1 19 0.00 22.00 0.00 0.000 7 
12:53:45.824 12:53:45.824  GPGGA 195402.000 3755.7994000 -12219.4578000 1 19 0.00 21.21 0.00 0.000 2 
12:53:46.806 12:53:46.806  GPGGA 195403.000 3755.7865000 -12219.4489000 1 19 0.00 20.37 0.00 0.000 5 
12:53:47.820 12:53:47.820  GPGGA 195404.000 3755.7735000 -12219.4400000 1 19 0.00 19.62 0.00 0.000 3 
12:53:48.825 12:53:48.825  GPGGA 195405.000 3755.7602000 -12219.4310000 1 19 0.00 18.83 0.00 0.000 0 
12:53:49.818 12:53:49.818  GPGGA 195406.000 3755.7467000 -12219.4219000 1 19 0.00 18.16 0.00 0.000 9 
12:53:50.821 12:53:50.821  GPGGA 195407.000 3755.7332000 -12219.4127000 1 19 0.00 17.56 0.00 0.000 0 
12:53:51.819 12:53:51.819  GPGGA 195408.000 3755.7196000 -12219.4035000 1 19 0.00 17.05 0.00 0.000 0 
12:53:52.817 12:53:52.817  GPGGA 195409.000 3755.7059000 -12219.3941000 1 19 0.00 16.41 0.00 0.000 2 
12:53:53.818 12:53:53.818  GPGGA 195410.000 3755.6923000 -12219.3848000 1 19 0.00 16.03 0.00 0.000 1 
12:53:54.820 12:53:54.820  GPGGA 195411.000 3755.6786000 -12219.3754000 1 19 0.00 15.79 0.00 0.000 0 
12:53:55.808 12:53:55.808  GPGGA 195412.000 3755.6649000 -12219.3660000 1 19 0.00 15.71 0.00 0.000 2 
12:53:56.819 12:53:56.819  GPGGA 195413.000 3755.6512000 -12219.3566000 1 19 0.00 15.84 0.00 0.000 1 
12:53:57.806 12:53:57.806  GPGGA 195414.000 3755.6375000 -12219.3473000 1 19 0.00 16.12 0.00 0.000 8 
12:53:58.808 12:53:58.808  GPGGA 195415.000 3755.6240000 -12219.3379000 1 19 0.00 16.46 0.00 0.000 2 
12:53:59.806 12:53:59.806  GPGGA 195416.000 3755.6105000 -12219.3285000 1 19 0.00 16.77 0.00 0.000 3 
12:54:00.809 12:54:00.809  GPGGA 195417.000 3755.5971000 -12219.3190000 1 19 0.00 17.06 0.00 0.000 0 
12:54:01.807 12:54:01.807  GPGGA 195418.000 3755.5838000 -12219.3096000 1 19 0.00 17.34 0.00 0.000 0 
12:54:02.810 12:54:02.810  GPGGA 195419.000 3755.5705000 -12219.3000000 1 19 0.00 17.59 0.00 0.000 0 
12:54:03.807 12:54:03.807  GPGGA 195420.000 3755.5572000 -12219.2905000 1 19 0.00 17.87 0.00 0.000 0 
12:54:04.824 12:54:04.824  GPGGA 195421.000 3755.5439000 -12219.2810000 1 19 0.00 18.16 0.00 0.000 0 
12:54:05.810 12:54:05.810  GPGGA 195422.000 3755.5307000 -12219.2714000 1 19 0.00 18.34 0.00 0.000 2 
12:54:06.828 12:54:06.828  GPGGA 195423.000 3755.5174000 -12219.2618000 1 19 0.00 18.27 0.00 0.000 0 
12:54:07.813 12:54:07.813  GPGGA 195424.000 3755.5041000 -12219.2521000 1 19 0.00 18.10 0.00 0.000 7 
12:54:08.815 12:54:08.815  GPGGA 195425.000 3755.4908000 -12219.2423000 1 19 0.00 17.96 0.00 0.000 1 
12:54:09.818 12:54:09.818  GPGGA 195426.000 3755.4774000 -12219.2325000 1 19 0.00 17.59 0.00 0.000 5 
12:54:10.815 12:54:10.815  GPGGA 195427.000 3755.4640000 -12219.2226000 1 18 0.00 16.98 0.00 0.000 0 
12:54:11.827 12:54:11.827  GPGGA 195428.000 3755.4505000 -12219.2126000 1 19 0.00 16.30 0.00 0.000 0 
12:54:12.808 12:54:12.808  GPGGA 195429.000 3755.4369000 -12219.2026000 1 19 0.00 15.59 0.00 0.000 0 
12:54:13.811 12:54:13.811  GPGGA 195430.000 3755.4234000 -12219.1924000 1 19 0.00 14.87 0.00 0.000 0 
12:54:14.811 12:54:14.811  GPGGA 195431.000 3755.4096000 -12219.1821000 1 19 0.00 14.18 0.00 0.000 2 
12:54:15.818 12:54:15.818  GPGGA 195432.000 3755.3957000 -12219.1719000 1 19 0.00 13.57 0.00 0.000 0 
12:54:16.827 12:54:16.827  GPGGA 195433.000 3755.3818000 -12219.1616000 1 19 0.00 13.25 0.00 0.000 0 
12:54:17.808 12:54:17.808  GPGGA 195434.000 3755.3678000 -12219.1513000 1 19 0.00 13.04 0.00 0.000 0 
12:54:18.811 12:54:18.811  GPGGA 195435.000 3755.3539000 -12219.1410000 1 19 0.00 13.06 0.00 0.000 7 
12:54:19.818 12:54:19.818  GPGGA 195436.000 3755.3399000 -12219.1307000 1 19 0.00 13.17 0.00 0.000 9 
12:54:20.821 12:54:20.821  GPGGA 195437.000 3755.3258000 -12219.1207000 1 19 0.00 13.35 0.00 0.000 5 
12:54:21.819 12:54:21.820  GPGGA 195438.000 3755.3116000 -12219.1111000 1 19 0.00 13.64 0.00 0.000 3 
12:54:22.820 12:54:22.820  GPGGA 195439.000 3755.2972000 -12219.1023000 1 19 0.00 14.32 0.00 0.000 0 
12:54:23.821 12:54:23.821  GPGGA 195440.000 3755.2825000 -12219.0943000 1 19 0.00 14.92 0.00 0.000 4 
12:54:24.818 12:54:24.818  GPGGA 195441.000 3755.2676000 -12219.0870000 1 19 0.00 15.44 0.00 0.000 6 
12:54:25.810 12:54:25.810  GPGGA 195442.000 3755.2526000 -12219.0803000 1 18 0.00 15.78 0.00 0.000 9 
12:54:26.810 12:54:26.810  GPGGA 195443.000 3755.2375000 -12219.0745000 1 19 0.00 15.96 0.00 0.000 4 
12:54:27.811 12:54:27.811  GPGGA 195444.000 3755.2224000 -12219.0694000 1 19 0.00 16.01 0.00 0.000 6 
12:54:28.811 12:54:28.811  GPGGA 195445.000 3755.2072000 -12219.0651000 1 19 0.00 16.07 0.00 0.000 9 
12:54:29.811 12:54:29.811  GPGGA 195446.000 3755.1919000 -12219.0615000 1 19 0.00 15.92 0.00 0.000 2 
12:54:30.822 12:54:30.822  GPGGA 195447.000 3755.1766000 -12219.0588000 1 19 0.00 15.66 0.00 0.000 9 
12:54:31.821 12:54:31.821  GPGGA 195448.000 3755.1613000 -12219.0568000 1 19 0.00 15.43 0.00 0.000 0 
12:54:32.810 12:54:32.810  GPGGA 195449.000 3755.1462000 -12219.0554000 1 19 0.00 15.19 0.00 0.000 9 
12:54:33.812 12:54:33.812  GPGGA 195450.000 3755.1311000 -12219.0547000 1 19 0.00 14.95 0.00 0.000 5 
12:54:34.816 12:54:34.816  GPGGA 195451.000 3755.1163000 -12219.0545000 1 19 0.00 14.83 0.00 0.000 6 
12:54:35.828 12:54:35.828  GPGGA 195452.000 3755.1017000 -12219.0544000 1 19 0.00 14.68 0.00 0.000 3 
12:54:36.823 12:54:36.823  GPGGA 195453.000 3755.0872000 -12219.0543000 1 19 0.00 14.41 0.00 0.000 4 
12:54:37.824 12:54:37.824  GPGGA 195454.000 3755.0728000 -12219.0543000 1 19 0.00 14.17 0.00 0.000 0 
12:54:38.825 12:54:38.825  GPGGA 195455.000 3755.0585000 -12219.0542000 1 19 0.00 13.97 0.00 0.000 0 
12:54:39.811 12:54:39.811  GPGGA 195456.000 3755.0442000 -12219.0542000 1 19 0.00 13.74 0.00 0.000 0 
12:54:40.815 12:54:40.815  GPGGA 195457.000 3755.0298000 -12219.0541000 1 19 0.00 13.43 0.00 0.000 9 
12:54:41.826 12:54:41.827  GPGGA 195458.000 3755.0153000 -12219.0541000 1 18 0.00 13.13 0.00 0.000 6 
12:54:42.813 12:54:42.813  GPGGA 195459.000 3755.0007000 -12219.0540000 1 19 0.00 12.84 0.00 0.000 8 
12:54:43.822 12:54:43.822  GPGGA 195500.000 3754.9861000 -12219.0539000 1 19 0.00 12.58 0.00 0.000 0 
12:54:44.820 12:54:44.820  GPGGA 195501.000 3754.9715000 -12219.0539000 1 19 0.00 12.34 0.00 0.000 0 
12:54:45.827 12:54:45.827  GPGGA 195502.000 3754.9569000 -12219.0538000 1 19 0.00 12.10 0.00 0.000 0 
12:54:46.812 12:54:46.812  GPGGA 195503.000 3754.9423000 -12219.0537000 1 19 0.00 11.85 0.00 0.000 0 
12:54:47.816 12:54:47.816  GPGGA 195504.000 3754.9277000 -12219.0537000 1 19 0.00 11.68 0.00 0.000 0 
12:54:48.811 12:54:48.812  GPGGA 195505.000 3754.9130000 -12219.0536000 1 19 0.00 11.51 0.00 0.000 7 
12:54:49.821 12:54:49.821  GPGGA 195506.000 3754.8983000 -12219.0536000 1 19 0.00 11.37 0.00 0.000 5 
12:54:50.813 12:54:50.813  GPGGA 195507.000 3754.8835000 -12219.0535000 1 19 0.00 11.29 0.00 0.000 4 
12:54:51.826 12:54:51.826  GPGGA 195508.000 3754.8686000 -12219.0536000 1 19 0.00 11.11 0.00 0.000 5 
12:54:52.823 12:54:52.823  GPGGA 195509.000 3754.8536000 -12219.0536000 1 19 0.00 10.92 0.00 0.000 6 
12:54:53.812 12:54:53.812  GPGGA 195510.000 3754.8387000 -12219.0537000 1 18 0.00 10.70 0.00 0.000 0 
12:54:54.813 12:54:54.813  GPGGA 195511.000 3754.8237000 -12219.0536000 1 18 0.00 10.58 0.00 0.000 0 
12:54:55.819 12:54:55.819  GPGGA 195512.000 3754.8087000 -12219.0537000 1 18 0.00 10.35 0.00 0.000 0 
12:54:56.820 12:54:56.820  GPGGA 195513.000 3754.7937000 -12219.0537000 1 19 0.00 10.10 0.00 0.000 4 
12:54:57.822 12:54:57.822  GPGGA 195514.000 3754.7787000 -12219.0537000 1 19 0.00 9.87 0.00 0.000 30 
12:54:58.819 12:54:58.819  GPGGA 195515.000 3754.7637000 -12219.0537000 1 19 0.00 9.68 0.00 0.000 3 
12:54:59.821 12:54:59.821  GPGGA 195516.000 3754.7487000 -12219.0538000 1 19 0.00 9.61 0.00 0.000 36 
12:55:00.814 12:55:00.814  GPGGA 195517.000 3754.7338000 -12219.0537000 1 19 0.00 9.64 0.00 0.000 3 
12:55:01.825 12:55:01.825  GPGGA 195518.000 3754.7190000 -12219.0534000 1 19 0.00 9.66 0.00 0.000 30 
12:55:02.816 12:55:02.816  GPGGA 195519.000 3754.7044000 -12219.0528000 1 19 0.00 9.73 0.00 0.000 30 
12:55:03.829 12:55:03.829  GPGGA 195520.000 3754.6899000 -12219.0516000 1 19 0.00 9.71 0.00 0.000 3 
12:55:04.831 12:55:04.831  GPGGA 195521.000 3754.6755000 -12219.0496000 1 18 0.00 9.58 0.00 0.000 31 
12:55:05.825 12:55:05.825  GPGGA 195522.000 3754.6613000 -12219.0468000 1 19 0.00 9.40 0.00 0.000 38 
12:55:06.816 12:55:06.816  GPGGA 195523.000 3754.6472000 -12219.0431000 1 19 0.00 9.25 0.00 0.000 33 
12:55:07.829 12:55:07.829  GPGGA 195524.000 3754.6332000 -12219.0386000 1 19 0.00 9.00 0.00 0.000 3 
12:55:08.813 12:55:08.813  GPGGA 195525.000 3754.6192000 -12219.0333000 1 19 0.00 8.60 0.00 0.000 3 
12:55:09.827 12:55:09.827  GPGGA 195526.000 3754.6053000 -12219.0273000 1 19 0.00 8.09 0.00 0.000 3 
12:55:10.818 12:55:10.818  GPGGA 195527.000 3754.5914000 -12219.0206000 1 19 0.00 7.50 0.00 0.000 37 
12:55:11.823 12:55:11.823  GPGGA 195528.000 3754.5776000 -12219.0132000 1 19 0.00 6.80 0.00 0.000 3 
12:55:12.830 12:55:12.830  GPGGA 195529.000 3754.5640000 -12219.0050000 1 19 0.00 5.80 0.00 0.000 39 
12:55:13.816 12:55:13.816  GPGGA 195530.000 3754.5503000 -12218.9963000 1 19 0.00 4.78 0.00 0.000 32 
12:55:14.826 12:55:14.826  GPGGA 195531.000 3754.5365000 -12218.9871000 1 19 0.00 3.63 0.00 0.000 3 
12:55:15.820 12:55:15.820  GPGGA 195532.000 3754.5225000 -12218.9776000 1 19 0.00 2.44 0.00 0.000 30 
12:55:16.830 12:55:16.830  GPGGA 195533.000 3754.5081000 -12218.9678000 1 19 0.00 1.28 0.00 0.000 3 
12:55:17.825 12:55:17.825  GPGGA 195534.000 3754.4934000 -12218.9577000 1 19 0.00 0.14 0.00 0.000 38 
12:55:18.825 12:55:18.825  GPGGA 195535.000 3754.4783000 -12218.9474000 1 18 0.00 -0.94 0.00 0.000 1 
12:55:19.820 12:55:19.820  GPGGA 195536.000 3754.4629000 -12218.9368000 1 19 0.00 -1.83 0.00 0.000 13 
12:55:20.832 12:55:20.832  GPGGA 195537.000 3754.4472000 -12218.9260000 1 19 0.00 -2.41 0.00 0.000 1 
12:55:21.819 12:55:21.819  GPGGA 195538.000 3754.4314000 -12218.9151000 1 18 0.00 -2.59 0.00 0.000 1 
12:55:22.827 12:55:22.827  GPGGA 195539.000 3754.4156000 -12218.9044000 1 18 0.00 -2.44 0.00 0.000 17 
12:55:23.824 12:55:23.824  GPGGA 195540.000 3754.3998000 -12218.8936000 1 18 0.00 -2.07 0.00 0.000 1 
12:55:24.824 12:55:24.824  GPGGA 195541.000 3754.3840000 -12218.8829000 1 19 0.00 -1.51 0.00 0.000 15 
12:55:25.816 12:55:25.816  GPGGA 195542.000 3754.3683000 -12218.8723000 1 19 0.00 -0.68 0.00 0.000 19 
12:55:26.829 12:55:26.829  GPGGA 195543.000 3754.3528000 -12218.8618000 1 19 0.00 0.54 0.00 0.000 31 
12:55:27.827 12:55:27.827  GPGGA 195544.000 3754.3376000 -12218.8515000 1 19 0.00 1.72 0.00 0.000 30 
12:55:28.824 12:55:28.824  GPGGA 195545.000 3754.3229000 -12218.8413000 1 19 0.00 3.04 0.00 0.000 3 
12:55:29.815 12:55:29.815  GPGGA 195546.000 3754.3085000 -12218.8314000 1 19 0.00 4.26 0.00 0.000 3 
12:55:30.835 12:55:30.835  GPGGA 195547.000 3754.2944000 -12218.8218000 1 19 0.00 5.36 0.00 0.000 37 
12:55:31.820 12:55:31.820  GPGGA 195548.000 3754.2807000 -12218.8124000 1 18 0.00 6.23 0.00 0.000 34 
12:55:32.826 12:55:32.826  GPGGA 195549.000 3754.2670000 -12218.8029000 1 19 0.00 6.76 0.00 0.000 36 
12:55:33.829 12:55:33.829  GPGGA 195550.000 3754.2534000 -12218.7933000 1 19 0.00 7.04 0.00 0.000 34 
12:55:34.820 12:55:34.820  GPGGA 195551.000 3754.2399000 -12218.7838000 1 19 0.00 6.99 0.00 0.000 3 
12:55:35.826 12:55:35.826  GPGGA 195552.000 3754.2261000 -12218.7741000 1 18 0.00 7.05 0.00 0.000 3 
12:55:36.818 12:55:36.818  GPGGA 195553.000 3754.2123000 -12218.7647000 1 19 0.00 7.04 0.00 0.000 39 
12:55:37.824 12:55:37.824  GPGGA 195554.000 3754.1984000 -12218.7552000 1 18 0.00 7.04 0.00 0.000 3 
12:55:38.822 12:55:38.822  GPGGA 195555.000 3754.1845000 -12218.7457000 1 19 0.00 7.01 0.00 0.000 33 
12:55:39.821 12:55:39.821  GPGGA 195556.000 3754.1706000 -12218.7361000 1 19 0.00 6.96 0.00 0.000 35 
12:55:40.826 12:55:40.826  GPGGA 195557.000 3754.1566000 -12218.7266000 1 19 0.00 7.01 0.00 0.000 39 
12:55:41.823 12:55:41.824  GPGGA 195558.000 3754.1427000 -12218.7171000 1 19 0.00 7.08 0.00 0.000 3 
12:55:42.818 12:55:42.818  GPGGA 195559.000 3754.1288000 -12218.7076000 1 19 0.00 7.18 0.00 0.000 3 
12:55:43.828 12:55:43.828  GPGGA 195600.000 3754.1149000 -12218.6982000 1 19 0.00 7.26 0.00 0.000 34 
12:55:44.824 12:55:44.824  GPGGA 195601.000 3754.1011000 -12218.6887000 1 19 0.00 7.24 0.00 0.000 3 
12:55:45.831 12:55:45.831  GPGGA 195602.000 3754.0873000 -12218.6793000 1 19 0.00 7.16 0.00 0.000 3 
12:55:46.828 12:55:46.828  GPGGA 195603.000 3754.0736000 -12218.6700000 1 19 0.00 6.90 0.00 0.000 30 
12:55:47.824 12:55:47.824  GPGGA 195604.000 3754.0599000 -12218.6607000 1 19 0.00 6.49 0.00 0.000 32 
12:55:48.817 12:55:48.817  GPGGA 195605.000 3754.0462000 -12218.6515000 1 19 0.00 6.03 0.00 0.000 38 
12:55:49.828 12:55:49.828  GPGGA 195606.000 3754.0324000 -12218.6423000 1 19 0.00 5.38 0.00 0.000 31 
12:55:50.822 12:55:50.822  GPGGA 195607.000 3754.0185000 -12218.6333000 1 19 0.00 4.63 0.00 0.000 30 
12:55:51.821 12:55:51.821  GPGGA 195608.000 3754.0043000 -12218.6245000 1 19 0.00 3.76 0.00 0.000 37 
12:55:52.822 12:55:52.822  GPGGA 195609.000 3753.9897000 -12218.6160000 1 19 0.00 2.65 0.00 0.000 3 
12:55:53.835 12:55:53.835  GPGGA 195610.000 3753.9749000 -12218.6079000 1 19 0.00 1.67 0.00 0.000 32 
12:55:54.820 12:55:54.820  GPGGA 195611.000 3753.9597000 -12218.6001000 1 19 0.00 0.63 0.00 0.000 38 
12:55:55.819 12:55:55.819  GPGGA 195612.000 3753.9443000 -12218.5927000 1 19 0.00 -0.20 0.00 0.000 17 
12:55:56.840 12:55:56.840  GPGGA 195613.000 3753.9287000 -12218.5856000 1 19 0.00 -0.79 0.00 0.000 13 
12:55:57.817 12:55:57.817  GPGGA 195614.000 3753.9129000 -12218.5791000 1 19 0.00 -1.18 0.00 0.000 11 
12:55:58.827 12:55:58.827  GPGGA 195615.000 3753.8971000 -12218.5726000 1 19 0.00 -1.34 0.00 0.000 16 
12:55:59.823 12:55:59.823  GPGGA 195616.000 3753.8815000 -12218.5663000 1 19 0.00 -1.10 0.00 0.000 10 
12:56:00.821 12:56:00.821  GPGGA 195617.000 3753.8660000 -12218.5600000 1 19 0.00 -0.59 0.00 0.000 14 
12:56:01.834 12:56:01.834  GPGGA 195618.000 3753.8506000 -12218.5538000 1 19 0.00 -0.16 0.00 0.000 1 
12:56:02.818 12:56:02.818  GPGGA 195619.000 3753.8353000 -12218.5476000 1 18 0.00 0.53 0.00 0.000 3 
12:56:03.834 12:56:03.834  GPGGA 195620.000 3753.8201000 -12218.5413000 1 18 0.00 1.23 0.00 0.000 33 
12:56:04.830 12:56:04.830  GPGGA 195621.000 3753.8049000 -12218.5351000 1 18 0.00 1.82 0.00 0.000 36 
12:56:05.823 12:56:05.823  GPGGA 195622.000 3753.7896000 -12218.5288000 1 18 0.00 2.53 0.00 0.000 3 
12:56:06.817 12:56:06.817  GPGGA 195623.000 3753.7744000 -12218.5226000 1 18 0.00 3.16 0.00 0.000 3 
12:56:07.834 12:56:07.834  GPGGA 195624.000 3753.7591000 -12218.5164000 1 18 0.00 3.82 0.00 0.000 3 
12:56:08.827 12:56:08.827  GPGGA 195625.000 3753.7439000 -12218.5102000 1 18 0.00 4.55 0.00 0.000 35 
12:56:09.819 12:56:09.819  GPGGA 195626.000 3753.7287000 -12218.5040000 1 18 0.00 5.29 0.00 0.000 38 
12:56:10.819 12:56:10.819  GPGGA 195627.000 3753.7136000 -12218.4978000 1 18 0.00 6.01 0.00 0.000 3 
12:56:11.837 12:56:11.837  GPGGA 195628.000 3753.6985000 -12218.4917000 1 18 0.00 6.76 0.00 0.000 3 
12:56:12.827 12:56:12.827  GPGGA 195629.000 3753.6835000 -12218.4855000 1 18 0.00 7.37 0.00 0.000 35 
12:56:13.830 12:56:13.830  GPGGA 195630.000 3753.6685000 -12218.4794000 1 18 0.00 8.00 0.00 0.000 31 
12:56:14.824 12:56:14.824  GPGGA 195631.000 3753.6534000 -12218.4733000 1 18 0.00 8.43 0.00 0.000 33 
12:56:15.820 12:56:15.820  GPGGA 195632.000 3753.6381000 -12218.4676000 1 18 0.00 8.72 0.00 0.000 3 
12:56:16.823 12:56:16.823  GPGGA 195633.000 3753.6228000 -12218.4628000 1 17 0.00 9.20 0.00 0.000 3 
12:56:17.829 12:56:17.829  GPGGA 195634.000 3753.6073000 -12218.4589000 1 17 0.00 9.67 0.00 0.000 3 
12:56:18.819 12:56:18.819  GPGGA 195635.000 3753.5917000 -12218.4561000 1 17 0.00 10.15 0.00 0.000 9 
12:56:19.818 12:56:19.818  GPGGA 195636.000 3753.5762000 -12218.4544000 1 17 0.00 10.60 0.00 0.000 3 
12:56:20.839 12:56:20.839  GPGGA 195637.000 3753.5606000 -12218.4538000 1 18 0.00 10.92 0.00 0.000 8 
12:56:21.834 12:56:21.834  GPGGA 195638.000 3753.5451000 -12218.4544000 1 18 0.00 11.17 0.00 0.000 0 
12:56:22.826 12:56:22.826  GPGGA 195639.000 3753.5296000 -12218.4561000 1 18 0.00 11.23 0.00 0.000 0 
12:56:23.829 12:56:23.829  GPGGA 195640.000 3753.5143000 -12218.4588000 1 19 0.00 11.23 0.00 0.000 0 
12:56:24.825 12:56:24.825  GPGGA 195641.000 3753.4990000 -12218.4626000 1 19 0.00 11.25 0.00 0.000 8 
12:56:25.827 12:56:25.827  GPGGA 195642.000 3753.4840000 -12218.4673000 1 19 0.00 11.14 0.00 0.000 5 
12:56:26.824 12:56:26.824  GPGGA 195643.000 3753.4693000 -12218.4727000 1 19 0.00 11.35 0.00 0.000 7 
12:56:27.848 12:56:27.848  GPGGA 195644.000 3753.4550000 -12218.4789000 1 19 0.00 11.68 0.00 0.000 0 
12:56:28.827 12:56:28.827  GPGGA 195645.000 3753.4411000 -12218.4858000 1 19 0.00 11.97 0.00 0.000 6 
12:56:29.841 12:56:29.841  GPGGA 195646.000 3753.4275000 -12218.4927000 1 19 0.00 12.17 0.00 0.000 3 
12:56:30.841 12:56:30.841  GPGGA 195647.000 3753.4141000 -12218.4994000 1 19 0.00 12.32 0.00 0.000 9 
12:56:31.833 12:56:31.833  GPGGA 195648.000 3753.4009000 -12218.5061000 1 19 0.00 12.33 0.00 0.000 8 
12:56:32.820 12:56:32.821  GPGGA 195649.000 3753.3878000 -12218.5127000 1 19 0.00 12.18 0.00 0.000 0 
12:56:33.828 12:56:33.828  GPGGA 195650.000 3753.3748000 -12218.5193000 1 19 0.00 11.97 0.00 0.000 5 
12:56:34.829 12:56:34.829  GPGGA 195651.000 3753.3620000 -12218.5257000 1 19 0.00 11.76 0.00 0.000 0 
12:56:35.826 12:56:35.826  GPGGA 195652.000 3753.3492000 -12218.5318000 1 19 0.00 11.55 0.00 0.000 0 
12:56:36.836 12:56:36.836  GPGGA 195653.000 3753.3364000 -12218.5373000 1 19 0.00 11.30 0.00 0.000 0 
12:56:37.826 12:56:37.826  GPGGA 195654.000 3753.3235000 -12218.5421000 1 19 0.00 10.99 0.00 0.000 0 
12:56:38.830 12:56:38.830  GPGGA 195655.000 3753.3104000 -12218.5464000 1 19 0.00 10.71 0.00 0.000 0 
12:56:39.822 12:56:39.822  GPGGA 195656.000 3753.2973000 -12218.5500000 1 19 0.00 10.47 0.00 0.000 6 
12:56:40.823 12:56:40.823  GPGGA 195657.000 3753.2840000 -12218.5530000 1 19 0.00 10.42 0.00 0.000 0 
12:56:41.840 12:56:41.840  GPGGA 195658.000 3753.2707000 -12218.5554000 1 19 0.00 10.29 0.00 0.000 0 
12:56:42.832 12:56:42.832  GPGGA 195659.000 3753.2573000 -12218.5572000 1 19 0.00 10.09 0.00 0.000 0 
12:56:43.832 12:56:43.833  GPGGA 195700.000 3753.2437000 -12218.5583000 1 19 0.00 9.80 0.00 0.000 31 
12:56:44.822 12:56:44.822  GPGGA 195701.000 3753.2301000 -12218.5587000 1 19 0.00 9.40 0.00 0.000 3 
12:56:45.833 12:56:45.833  GPGGA 195702.000 3753.2163000 -12218.5583000 1 19 0.00 8.79 0.00 0.000 30 
12:56:46.834 12:56:46.834  GPGGA 195703.000 3753.2024000 -12218.5573000 1 19 0.00 8.04 0.00 0.000 36 
12:56:47.822 12:56:47.822  GPGGA 195704.000 3753.1883000 -12218.5556000 1 19 0.00 7.15 0.00 0.000 3 
12:56:48.830 12:56:48.830  GPGGA 195705.000 3753.1740000 -12218.5533000 1 19 0.00 6.21 0.00 0.000 3 
12:56:49.832 12:56:49.832  GPGGA 195706.000 3753.1595000 -12218.5505000 1 19 0.00 4.94 0.00 0.000 3 
12:56:50.824 12:56:50.824  GPGGA 195707.000 3753.1449000 -12218.5474000 1 19 0.00 3.63 0.00 0.000 32 
12:56:51.844 12:56:51.844  GPGGA 195708.000 3753.1302000 -12218.5443000 1 19 0.00 2.51 0.00 0.000 31 
12:56:52.821 12:56:52.821  GPGGA 195709.000 3753.1155000 -12218.5411000 1 19 0.00 1.83 0.00 0.000 3 
12:56:53.823 12:56:53.823  GPGGA 195710.000 3753.1008000 -12218.5379000 1 19 0.00 1.36 0.00 0.000 3 
12:56:54.833 12:56:54.833  GPGGA 195711.000 3753.0861000 -12218.5347000 1 19 0.00 1.17 0.00 0.000 34 
12:56:55.830 12:56:55.831  GPGGA 195712.000 3753.0714000 -12218.5314000 1 19 0.00 1.11 0.00 0.000 3 
12:56:56.823 12:56:56.823  GPGGA 195713.000 3753.0567000 -12218.5281000 1 19 0.00 1.12 0.00 0.000 33 
12:56:57.840 12:56:57.840  GPGGA 195714.000 3753.0419000 -12218.5248000 1 19 0.00 1.08 0.00 0.000 32 
12:56:58.841 12:56:58.841  GPGGA 195715.000 3753.0272000 -12218.5215000 1 19 0.00 1.09 0.00 0.000 31 
12:56:59.834 12:56:59.835  GPGGA 195716.000 3753.0125000 -12218.5182000 1 19 0.00 1.19 0.00 0.000 3 
12:57:00.825 12:57:00.825  GPGGA 195717.000 3752.9978000 -12218.5150000 1 19 0.00 1.33 0.00 0.000 31 
12:57:01.841 12:57:01.841  GPGGA 195718.000 3752.9832000 -12218.5118000 1 19 0.00 1.55 0.00 0.000 3 
12:57:02.821 12:57:02.821  GPGGA 195719.000 3752.9687000 -12218.5085000 1 19 0.00 1.75 0.00 0.000 3 
12:57:03.826 12:57:03.826  GPGGA 195720.000 3752.9542000 -12218.5052000 1 19 0.00 1.91 0.00 0.000 3 
12:57:04.840 12:57:04.840  GPGGA 195721.000 3752.9398000 -12218.5018000 1 19 0.00 2.08 0.00 0.000 36 
12:57:05.834 12:57:05.834  GPGGA 195722.000 3752.9254000 -12218.4986000 1 19 0.00 2.23 0.00 0.000 32 
12:57:06.832 12:57:06.832  GPGGA 195723.000 3752.9111000 -12218.4953000 1 19 0.00 2.28 0.00 0.000 32 
12:57:07.830 12:57:07.830  GPGGA 195724.000 3752.8969000 -12218.4920000 1 19 0.00 2.51 0.00 0.000 39 
12:57:08.840 12:57:08.840  GPGGA 195725.000 3752.8828000 -12218.4888000 1 19 0.00 2.74 0.00 0.000 38 
12:57:09.823 12:57:09.823  GPGGA 195726.000 3752.8690000 -12218.4858000 1 19 0.00 3.35 0.00 0.000 3 
12:57:10.822 12:57:10.822  GPGGA 195727.000 3752.8557000 -12218.4830000 1 18 0.00 4.04 0.00 0.000 3 
12:57:11.824 12:57:11.824  GPGGA 195728.000 3752.8431000 -12218.4804000 1 19 0.00 4.88 0.00 0.000 30 
12:57:12.832 12:57:12.832  GPGGA 195729.000 3752.8312000 -12218.4779000 1 19 0.00 5.88 0.00 0.000 33 
12:57:13.835 12:57:13.835  GPGGA 195730.000 3752.8201000 -12218.4757000 1 19 0.00 7.02 0.00 0.000 34 
12:57:14.842 12:57:14.842  GPGGA 195731.000 3752.8097000 -12218.4736000 1 19 0.00 7.74 0.00 0.000 3 
12:57:15.830 12:57:15.830  GPGGA 195732.000 3752.7997000 -12218.4715000 1 19 0.00 8.47 0.00 0.000 35 
12:57:16.830 12:57:16.830  GPGGA 195733.000 3752.7905000 -12218.4696000 1 19 0.00 9.50 0.00 0.000 32 
12:57:17.827 12:57:17.827  GPGGA 195734.000 3752.7821000 -12218.4678000 1 19 0.00 10.56 0.00 0.000 0 
12:57:18.841 12:57:18.841  GPGGA 195735.000 3752.7744000 -12218.4662000 1 19 0.00 11.53 0.00 0.000 0 
12:57:19.841 12:57:19.841  GPGGA 195736.000 3752.7673000 -12218.4646000 1 19 0.00 12.38 0.00 0.000 0 
12:57:20.834 12:57:20.834  GPGGA 195737.000 3752.7606000 -12218.4632000 1 19 0.00 12.83 0.00 0.000 0 
12:57:21.825 12:57:21.825  GPGGA 195738.000 3752.7542000 -12218.4617000 1 19 0.00 13.14 0.00 0.000 4 
12:57:22.827 12:57:22.827  GPGGA 195739.000 3752.7482000 -12218.4602000 1 19 0.00 13.32 0.00 0.000 8 
12:57:23.836 12:57:23.836  GPGGA 195740.000 3752.7423000 -12218.4589000 1 19 0.00 13.41 0.00 0.000 9 
12:57:24.842 12:57:24.842  GPGGA 195741.000 3752.7368000 -12218.4576000 1 19 0.00 13.63 0.00 0.000 0 
12:57:25.841 12:57:25.841  GPGGA 195742.000 3752.7316000 -12218.4564000 1 19 0.00 13.92 0.00 0.000 7 
12:57:26.840 12:57:26.840  GPGGA 195743.000 3752.7269000 -12218.4554000 1 19 0.00 14.21 0.00 0.000 3 
12:57:27.841 12:57:27.841  GPGGA 195744.000 3752.7225000 -12218.4544000 1 19 0.00 14.43 0.00 0.000 9 
12:57:28.825 12:57:28.825  GPGGA 195745.000 3752.7183000 -12218.4534000 1 19 0.00 14.33 0.00 0.000 7 
12:57:29.835 12:57:29.835  GPGGA 195746.000 3752.7141000 -12218.4524000 1 19 0.00 13.94 0.00 0.000 1 
12:57:30.826 12:57:30.826  GPGGA 195747.000 3752.7097000 -12218.4512000 1 19 0.00 13.43 0.00 0.000 5 
12:57:31.824 12:57:31.824  GPGGA 195748.000 3752.7052000 -12218.4500000 1 19 0.00 12.90 0.00 0.000 0 
12:57:32.823 12:57:32.823  GPGGA 195749.000 3752.7008000 -12218.4488000 1 19 0.00 12.68 0.00 0.000 7 
12:57:33.828 12:57:33.828  GPGGA 195750.000 3752.6965000 -12218.4476000 1 19 0.00 12.54 0.00 0.000 2 
12:57:34.830 12:57:34.830  GPGGA 195751.000 3752.6922000 -12218.4465000 1 19 0.00 12.30 0.00 0.000 0 
12:57:35.828 12:57:35.828  GPGGA 195752.000 3752.6879000 -12218.4453000 1 19 0.00 12.03 0.00 0.000 9 
12:57:36.841 12:57:36.841  GPGGA 195753.000 3752.6836000 -12218.4441000 1 19 0.00 11.70 0.00 0.000 7 
12:57:37.825 12:57:37.825  GPGGA 195754.000 3752.6792000 -12218.4429000 1 19 0.00 11.38 0.00 0.000 3 
12:57:38.829 12:57:38.829  GPGGA 195755.000 3752.6748000 -12218.4417000 1 19 0.00 11.06 0.00 0.000 5 
12:57:39.831 12:57:39.831  GPGGA 195756.000 3752.6703000 -12218.4404000 1 19 0.00 10.83 0.00 0.000 7 
12:57:40.833 12:57:40.833  GPGGA 195757.000 3752.6658000 -12218.4392000 1 19 0.00 10.57 0.00 0.000 8 
12:57:41.827 12:57:41.827  GPGGA 195758.000 3752.6614000 -12218.4379000 1 19 0.00 10.40 0.00 0.000 0 
12:57:42.832 12:57:42.832  GPGGA 195759.000 3752.6571000 -12218.4366000 1 19 0.00 10.29 0.00 0.000 0 
12:57:43.841 12:57:43.841  GPGGA 195800.000 3752.6527000 -12218.4352000 1 19 0.00 10.08 0.00 0.000 8 
12:57:44.827 12:57:44.827  GPGGA 195801.000 3752.6483000 -12218.4338000 1 19 0.00 9.93 0.00 0.000 30 
12:57:45.831 12:57:45.831  GPGGA 195802.000 3752.6440000 -12218.4325000 1 19 0.00 9.83 0.00 0.000 31 
12:57:46.830 12:57:46.830  GPGGA 195803.000 3752.6396000 -12218.4311000 1 19 0.00 9.60 0.00 0.000 36 
12:57:47.830 12:57:47.830  GPGGA 195804.000 3752.6351000 -12218.4297000 1 19 0.00 9.21 0.00 0.000 30 
12:57:48.835 12:57:48.835  GPGGA 195805.000 3752.6304000 -12218.4282000 1 19 0.00 8.79 0.00 0.000 39 
12:57:49.830 12:57:49.830  GPGGA 195806.000 3752.6256000 -12218.4268000 1 19 0.00 8.44 0.00 0.000 36 
12:57:50.841 12:57:50.841  GPGGA 195807.000 3752.6207000 -12218.4254000 1 19 0.00 8.10 0.00 0.000 3 
12:57:51.827 12:57:51.827  GPGGA 195808.000 3752.6156000 -12218.4239000 1 19 0.00 7.60 0.00 0.000 36 
12:57:52.842 12:57:52.842  GPGGA 195809.000 3752.6103000 -12218.4223000 1 19 0.00 6.99 0.00 0.000 3 
12:57:53.832 12:57:53.832  GPGGA 195810.000 3752.6047000 -12218.4206000 1 19 0.00 6.38 0.00 0.000 3 
12:57:54.826 12:57:54.826  GPGGA 195811.000 3752.5990000 -12218.4190000 1 19 0.00 5.88 0.00 0.000 3 
12:57:55.842 12:57:55.842  GPGGA 195812.000 3752.5931000 -12218.4172000 1 19 0.00 5.48 0.00 0.000 33 
12:57:56.829 12:57:56.829  GPGGA 195813.000 3752.5871000 -12218.4155000 1 19 0.00 5.10 0.00 0.000 3 
12:57:57.826 12:57:57.826  GPGGA 195814.000 3752.5810000 -12218.4136000 1 19 0.00 4.73 0.00 0.000 3 
12:57:58.837 12:57:58.837  GPGGA 195815.000 3752.5747000 -12218.4117000 1 19 0.00 4.31 0.00 0.000 37 
12:57:59.840 12:57:59.840  GPGGA 195816.000 3752.5683000 -12218.4097000 1 19 0.00 3.89 0.00 0.000 30 
12:58:00.845 12:58:00.845  GPGGA 195817.000 3752.5618000 -12218.4077000 1 19 0.00 3.43 0.00 0.000 3 
12:58:01.835 12:58:01.835  GPGGA 195818.000 3752.5551000 -12218.4056000 1 19 0.00 2.87 0.00 0.000 30 
12:58:02.827 12:58:02.827  GPGGA 195819.000 3752.5481000 -12218.4033000 1 19 0.00 2.19 0.00 0.000 39 
12:58:03.835 12:58:03.835  GPGGA 195820.000 3752.5408000 -12218.4010000 1 19 0.00 1.49 0.00 0.000 35 
12:58:04.826 12:58:04.826  GPGGA 195821.000 3752.5332000 -12218.3986000 1 19 0.00 0.80 0.00 0.000 3 
12:58:05.828 12:58:05.828  GPGGA 195822.000 3752.5255000 -12218.3962000 1 19 0.00 0.44 0.00 0.000 3 
12:58:06.835 12:58:06.835  GPGGA 195823.000 3752.5178000 -12218.3939000 1 19 0.00 0.46 0.00 0.000 3 
12:58:07.842 12:58:07.842  GPGGA 195824.000 3752.5101000 -12218.3916000 1 19 0.00 0.42 0.00 0.000 3 
12:58:08.827 12:58:08.827  GPGGA 195825.000 3752.5023000 -12218.3893000 1 19 0.00 0.30 0.00 0.000 36 
12:58:09.841 12:58:09.841  GPGGA 195826.000 3752.4944000 -12218.3869000 1 19 0.00 0.12 0.00 0.000 39 
12:58:10.836 12:58:10.836  GPGGA 195827.000 3752.4864000 -12218.3844000 1 19 0.00 -0.12 0.00 0.000 19 
12:58:11.828 12:58:11.828  GPGGA 195828.000 3752.4782000 -12218.3818000 1 19 0.00 -0.38 0.00 0.000 10 
12:58:12.834 12:58:12.834  GPGGA 195829.000 3752.4699000 -12218.3792000 1 19 0.00 -0.51 0.00 0.000 18 
12:58:13.841 12:58:13.841  GPGGA 195830.000 3752.4615000 -12218.3765000 1 19 0.00 -0.70 0.00 0.000 1 
12:58:14.836 12:58:14.836  GPGGA 195831.000 3752.4531000 -12218.3738000 1 19 0.00 -0.85 0.00 0.000 19 
12:58:15.838 12:58:15.838  GPGGA 195832.000 3752.4445000 -12218.3711000 1 19 0.00 -0.98 0.00 0.000 1 
12:58:16.843 12:58:16.843  GPGGA 195833.000 3752.4359000 -12218.3684000 1 19 0.00 -0.99 0.00 0.000 18 
12:58:17.836 12:58:17.836  GPGGA 195834.000 3752.4272000 -12218.3657000 1 19 0.00 -0.99 0.00 0.000 19 
12:58:18.839 12:58:18.839  GPGGA 195835.000 3752.4185000 -12218.3631000 1 19 0.00 -1.01 0.00 0.000 13 
12:58:19.841 12:58:19.841  GPGGA 195836.000 3752.4099000 -12218.3605000 1 19 0.00 -0.91 0.00 0.000 13 
12:58:20.830 12:58:20.830  GPGGA 195837.000 3752.4013000 -12218.3579000 1 19 0.00 -0.65 0.00 0.000 13 
12:58:21.830 12:58:21.830  GPGGA 195838.000 3752.3930000 -12218.3554000 1 19 0.00 -0.26 0.00 0.000 1 
12:58:22.827 12:58:22.827  GPGGA 195839.000 3752.3848000 -12218.3530000 1 19 0.00 0.11 0.00 0.000 3 
12:58:23.844 12:58:23.844  GPGGA 195840.000 3752.3769000 -12218.3507000 1 19 0.00 0.62 0.00 0.000 3 
12:58:24.841 12:58:24.841  GPGGA 195841.000 3752.3692000 -12218.3484000 1 19 0.00 0.91 0.00 0.000 3 
12:58:25.830 12:58:25.830  GPGGA 195842.000 3752.3615000 -12218.3461000 1 19 0.00 1.16 0.00 0.000 36 
12:58:26.832 12:58:26.832  GPGGA 195843.000 3752.3539000 -12218.3437000 1 19 0.00 1.25 0.00 0.000 39 
12:58:27.836 12:58:27.836  GPGGA 195844.000 3752.3463000 -12218.3413000 1 19 0.00 1.19 0.00 0.000 39 
12:58:28.830 12:58:28.830  GPGGA 195845.000 3752.3387000 -12218.3389000 1 19 0.00 1.05 0.00 0.000 3 
12:58:29.841 12:58:29.841  GPGGA 195846.000 3752.3309000 -12218.3365000 1 19 0.00 0.85 0.00 0.000 32 
12:58:30.845 12:58:30.845  GPGGA 195847.000 3752.3231000 -12218.3340000 1 19 0.00 0.67 0.00 0.000 32 
12:58:31.830 12:58:31.830  GPGGA 195848.000 3752.3151000 -12218.3315000 1 19 0.00 0.40 0.00 0.000 3 
12:58:32.836 12:58:32.836  GPGGA 195849.000 3752.3070000 -12218.3289000 1 19 0.00 0.14 0.00 0.000 3 
12:58:33.830 12:58:33.830  GPGGA 195850.000 3752.2988000 -12218.3263000 1 19 0.00 -0.14 0.00 0.000 15 
12:58:34.837 12:58:34.837  GPGGA 195851.000 3752.2904000 -12218.3237000 1 19 0.00 -0.40 0.00 0.000 10 
12:58:35.845 12:58:35.845  GPGGA 195852.000 3752.2819000 -12218.3210000 1 19 0.00 -0.62 0.00 0.000 1 
12:58:36.838 12:58:36.838  GPGGA 195853.000 3752.2733000 -12218.3183000 1 19 0.00 -0.79 0.00 0.000 1 
12:58:37.840 12:58:37.840  GPGGA 195854.000 3752.2645000 -12218.3155000 1 19 0.00 -0.96 0.00 0.000 13 
12:58:38.840 12:58:38.840  GPGGA 195855.000 3752.2556000 -12218.3128000 1 19 0.00 -1.12 0.00 0.000 14 
12:58:39.843 12:58:39.843  GPGGA 195856.000 3752.2468000 -12218.3100000 1 19 0.00 -1.16 0.00 0.000 15 
12:58:40.835 12:58:40.835  GPGGA 195857.000 3752.2379000 -12218.3072000 1 19 0.00 -1.26 0.00 0.000 14 
12:58:41.831 12:58:41.831  GPGGA 195858.000 3752.2288000 -12218.3043000 1 19 0.00 -1.47 0.00 0.000 11 
12:58:42.829 12:58:42.829  GPGGA 195859.000 3752.2196000 -12218.3013000 1 19 0.00 -1.67 0.00 0.000 1 
12:58:43.830 12:58:43.830  GPGGA 195900.000 3752.2102000 -12218.2984000 1 19 0.00 -1.84 0.00 0.000 10 
12:58:44.841 12:58:44.841  GPGGA 195901.000 3752.2009000 -12218.2954000 1 19 0.00 -1.88 0.00 0.000 1 
12:58:45.842 12:58:45.842  GPGGA 195902.000 3752.1914000 -12218.2924000 1 19 0.00 -1.89 0.00 0.000 19 
12:58:46.841 12:58:46.841  GPGGA 195903.000 3752.1820000 -12218.2896000 1 19 0.00 -1.81 0.00 0.000 1 
12:58:47.844 12:58:47.844  GPGGA 195904.000 3752.1726000 -12218.2867000 1 19 0.00 -1.72 0.00 0.000 12 
12:58:48.839 12:58:48.839  GPGGA 195905.000 3752.1632000 -12218.2839000 1 19 0.00 -1.58 0.00 0.000 14 
12:58:49.830 12:58:49.830  GPGGA 195906.000 3752.1538000 -12218.2810000 1 19 0.00 -1.47 0.00 0.000 1 
12:58:50.838 12:58:50.838  GPGGA 195907.000 3752.1444000 -12218.2781000 1 19 0.00 -1.43 0.00 0.000 13 
12:58:51.833 12:58:51.833  GPGGA 195908.000 3752.1350000 -12218.2752000 1 19 0.00 -1.35 0.00 0.000 11 
12:58:52.866 12:58:52.866  GPGGA 195909.000 3752.1258000 -12218.2725000 1 18 0.00 -0.89 0.00 0.000 1 
12:58:53.837 12:58:53.837  GPGGA 195910.000 3752.1173000 -12218.2700000 1 19 0.00 0.25 0.00 0.000 31 
12:58:54.848 12:58:54.848  GPGGA 195911.000 3752.1094000 -12218.2678000 1 19 0.00 1.53 0.00 0.000 36 
12:58:55.837 12:58:55.837  GPGGA 195912.000 3752.1024000 -12218.2659000 1 19 0.00 2.96 0.00 0.000 37 
12:58:56.842 12:58:56.842  GPGGA 195913.000 3752.0961000 -12218.2641000 1 19 0.00 4.19 0.00 0.000 37 
12:58:57.832 12:58:57.832  GPGGA 195914.000 3752.0901000 -12218.2622000 1 19 0.00 4.96 0.00 0.000 34 
12:58:58.836 12:58:58.836  GPGGA 195915.000 3752.0842000 -12218.2604000 1 19 0.00 5.12 0.00 0.000 3 
12:58:59.835 12:58:59.835  GPGGA 195916.000 3752.0782000 -12218.2584000 1 19 0.00 4.81 0.00 0.000 3 
12:59:00.844 12:59:00.844  GPGGA 195917.000 3752.0719000 -12218.2562000 1 19 0.00 4.16 0.00 0.000 3 
12:59:01.846 12:59:01.846  GPGGA 195918.000 3752.0653000 -12218.2539000 1 19 0.00 3.45 0.00 0.000 30 
12:59:02.844 12:59:02.844  GPGGA 195919.000 3752.0587000 -12218.2517000 1 19 0.00 2.99 0.00 0.000 37 
12:59:03.841 12:59:03.841  GPGGA 195920.000 3752.0520000 -12218.2495000 1 19 0.00 2.82 0.00 0.000 31 
12:59:04.832 12:59:04.832  GPGGA 195921.000 3752.0456000 -12218.2473000 1 19 0.00 2.86 0.00 0.000 3 
12:59:05.840 12:59:05.840  GPGGA 195922.000 3752.0393000 -12218.2453000 1 19 0.00 3.15 0.00 0.000 38 
12:59:06.840 12:59:06.840  GPGGA 195923.000 3752.0333000 -12218.2434000 1 19 0.00 3.58 0.00 0.000 3 
12:59:07.841 12:59:07.841  GPGGA 195924.000 3752.0278000 -12218.2416000 1 19 0.00 4.17 0.00 0.000 3 
12:59:08.843 12:59:08.843  GPGGA 195925.000 3752.0224000 -12218.2399000 1 19 0.00 4.48 0.00 0.000 3 
12:59:09.847 12:59:09.847  GPGGA 195926.000 3752.0170000 -12218.2381000 1 19 0.00 4.24 0.00 0.000 3 
12:59:10.837 12:59:10.837  GPGGA 195927.000 3752.0111000 -12218.2361000 1 18 0.00 3.62 0.00 0.000 32 
12:59:11.847 12:59:11.847  GPGGA 195928.000 3752.0056000 -12218.2344000 1 18 0.00 3.31 0.00 0.000 3 
12:59:12.833 12:59:12.833  GPGGA 195929.000 3752.0004000 -12218.2327000 1 14 0.00 3.18 0.00 0.000 3 
12:59:13.842 12:59:13.842  GPGGA 195930.000 3751.9940000 -12218.2307000 1 11 0.00 2.43 0.00 0.000 39 
12:59:14.850 12:59:14.850  GPGGA 195931.000 3751.9877000 -12218.2287000 1 18 0.00 2.35 0.00 0.000 3 
12:59:15.842 12:59:15.842  GPGGA 195932.000 3751.9821000 -12218.2271000 1 19 0.00 3.05 0.00 0.000 36 
12:59:16.835 12:59:16.836  GPGGA 195933.000 3751.9768000 -12218.2256000 1 19 0.00 3.67 0.00 0.000 34 
12:59:17.835 12:59:17.835  GPGGA 195934.000 3751.9715000 -12218.2239000 1 19 0.00 3.75 0.00 0.000 33 
12:59:18.852 12:59:18.852  GPGGA 195935.000 3751.9661000 -12218.2222000 1 19 0.00 3.45 0.00 0.000 39 
12:59:19.852 12:59:19.852  GPGGA 195936.000 3751.9607000 -12218.2205000 1 19 0.00 3.13 0.00 0.000 3 
12:59:20.841 12:59:20.841  GPGGA 195937.000 3751.9554000 -12218.2188000 1 19 0.00 2.95 0.00 0.000 31 
12:59:21.835 12:59:21.835  GPGGA 195938.000 3751.9502000 -12218.2172000 1 19 0.00 2.86 0.00 0.000 3 
12:59:22.834 12:59:22.834  GPGGA 195939.000 3751.9450000 -12218.2156000 1 19 0.00 2.85 0.00 0.000 38 
12:59:23.841 12:59:23.841  GPGGA 195940.000 3751.9401000 -12218.2142000 1 19 0.00 2.93 0.00 0.000 30 
12:59:24.841 12:59:24.841  GPGGA 195941.000 3751.9352000 -12218.2127000 1 19 0.00 2.89 0.00 0.000 38 
12:59:25.845 12:59:25.845  GPGGA 195942.000 3751.9303000 -12218.2113000 1 19 0.00 2.78 0.00 0.000 36 
12:59:26.844 12:59:26.844  GPGGA 195943.000 3751.9253000 -12218.2098000 1 19 0.00 2.54 0.00 0.000 3 
12:59:27.835 12:59:27.835  GPGGA 195944.000 3751.9202000 -12218.2084000 1 19 0.00 2.33 0.00 0.000 30 
12:59:28.845 12:59:28.845  GPGGA 195945.000 3751.9151000 -12218.2069000 1 19 0.00 2.13 0.00 0.000 35 
12:59:29.848 12:59:29.848  GPGGA 195946.000 3751.9100000 -12218.2055000 1 19 0.00 2.08 0.00 0.000 37 
12:59:30.835 12:59:30.835  GPGGA 195947.000 3751.9051000 -12218.2041000 1 19 0.00 2.15 0.00 0.000 3 
12:59:31.847 12:59:31.847  GPGGA 195948.000 3751.9003000 -12218.2027000 1 19 0.00 2.28 0.00 0.000 3 
12:59:32.846 12:59:32.847  GPGGA 195949.000 3751.8957000 -12218.2015000 1 19 0.00 2.48 0.00 0.000 33 
12:59:33.851 12:59:33.851  GPGGA 195950.000 3751.8913000 -12218.2003000 1 19 0.00 2.73 0.00 0.000 34 
12:59:34.851 12:59:34.851  GPGGA 195951.000 3751.8870000 -12218.1991000 1 19 0.00 2.88 0.00 0.000 34 
12:59:35.841 12:59:35.841  GPGGA 195952.000 3751.8827000 -12218.1978000 1 19 0.00 2.79 0.00 0.000 3 
12:59:36.835 12:59:36.835  GPGGA 195953.000 3751.8784000 -12218.1965000 1 19 0.00 2.60 0.00 0.000 3 
12:59:37.848 12:59:37.848  GPGGA 195954.000 3751.8738000 -12218.1952000 1 19 0.00 2.28 0.00 0.000 37 
12:59:38.837 12:59:38.837  GPGGA 195955.000 3751.8691000 -12218.1937000 1 19 0.00 1.84 0.00 0.000 32 
12:59:39.843 12:59:39.843  GPGGA 195956.000 3751.8643000 -12218.1923000 1 18 0.00 1.33 0.00 0.000 36 
12:59:40.845 12:59:40.845  GPGGA 195957.000 3751.8595000 -12218.1910000 1 19 0.00 1.20 0.00 0.000 3 
12:59:41.836 12:59:41.836  GPGGA 195958.000 3751.8542000 -12218.1894000 1 19 0.00 0.78 0.00 0.000 38 
12:59:42.844 12:59:42.844  GPGGA 195959.000 3751.8489000 -12218.1879000 1 18 0.00 0.52 0.00 0.000 35 
12:59:43.851 12:59:43.851  GPGGA 200000.000 3751.8437000 -12218.1866000 1 17 0.00 0.51 0.00 0.000 38 
12:59:44.849 12:59:44.849  GPGGA 200001.000 3751.8384000 -12218.1852000 1 18 0.00 0.52 0.00 0.000 3 
12:59:45.841 12:59:45.841  GPGGA 200002.000 3751.8332000 -12218.1839000 1 19 0.00 0.56 0.00 0.000 3 
12:59:46.849 12:59:46.849  GPGGA 200003.000 3751.8280000 -12218.1825000 1 19 0.00 0.56 0.00 0.000 3 
12:59:47.842 12:59:47.842  GPGGA 200004.000 3751.8227000 -12218.1811000 1 19 0.00 0.29 0.00 0.000 3 
12:59:48.840 12:59:48.840  GPGGA 200005.000 3751.8172000 -12218.1796000 1 19 0.00 -0.00 0.00 0.000 1 
12:59:49.838 12:59:49.838  GPGGA 200006.000 3751.8116000 -12218.1780000 1 19 0.00 -0.36 0.00 0.000 1 
12:59:50.842 12:59:50.842  GPGGA 200007.000 3751.8057000 -12218.1762000 1 19 0.00 -0.80 0.00 0.000 19 
12:59:51.845 12:59:51.845  GPGGA 200008.000 3751.7997000 -12218.1745000 1 19 0.00 -0.97 0.00 0.000 1 
12:59:52.840 12:59:52.840  GPGGA 200009.000 3751.7936000 -12218.1727000 1 19 0.00 -1.23 0.00 0.000 1 
12:59:53.844 12:59:53.844  GPGGA 200010.000 3751.7874000 -12218.1709000 1 19 0.00 -1.28 0.00 0.000 17 
12:59:54.847 12:59:54.847  GPGGA 200011.000 3751.7812000 -12218.1691000 1 19 0.00 -1.27 0.00 0.000 19 
12:59:55.855 12:59:55.855  GPGGA 200012.000 3751.7750000 -12218.1673000 1 19 0.00 -1.27 0.00 0.000 1 
12:59:56.856 12:59:56.856  GPGGA 200013.000 3751.7686000 -12218.1656000 1 19 0.00 -1.32 0.00 0.000 17 
12:59:57.854 12:59:57.854  GPGGA 200014.000 3751.7622000 -12218.1638000 1 19 0.00 -1.37 0.00 0.000 13 
12:59:58.855 12:59:58.855  GPGGA 200015.000 3751.7557000 -12218.1619000 1 19 0.00 -1.49 0.00 0.000 19 
12:59:59.865 12:59:59.865  GPGGA 200016.000 3751.7489000 -12218.1600000 1 20 0.00 -1.71 0.00 0.000 11 
13:00:00.850 13:00:00.850  GPGGA 200017.000 3751.7420000 -12218.1581000 1 20 0.00 -2.01 0.00 0.000 1 
13:00:01.852 13:00:01.852  GPGGA 200018.000 3751.7348000 -12218.1560000 1 20 0.00 -2.35 0.00 0.000 13 
13:00:02.842 13:00:02.842  GPGGA 200019.000 3751.7274000 -12218.1538000 1 20 0.00 -2.62 0.00 0.000 13 
13:00:03.845 13:00:03.845  GPGGA 200020.000 3751.7198000 -12218.1516000 1 20 0.00 -2.90 0.00 0.000 19 
13:00:04.848 13:00:04.849  GPGGA 200021.000 3751.7120000 -12218.1494000 1 20 0.00 -3.09 0.00 0.000 11 
13:00:05.845 13:00:05.845  GPGGA 200022.000 3751.7040000 -12218.1471000 1 20 0.00 -3.18 0.00 0.000 1 
13:00:06.846 13:00:06.846  GPGGA 200023.000 3751.6960000 -12218.1449000 1 20 0.00 -3.18 0.00 0.000 1 
13:00:07.845 13:00:07.845  GPGGA 200024.000 3751.6879000 -12218.1427000 1 20 0.00 -3.14 0.00 0.000 14 
13:00:08.840 13:00:08.840  GPGGA 200025.000 3751.6798000 -12218.1404000 1 19 0.00 -3.20 0.00 0.000 19 
13:00:09.851 13:00:09.851  GPGGA 200026.000 3751.6715000 -12218.1381000 1 20 0.00 -3.31 0.00 0.000 1 
13:00:10.841 13:00:10.841  GPGGA 200027.000 3751.6631000 -12218.1358000 1 20 0.00 -3.27 0.00 0.000 1 
13:00:11.855 13:00:11.855  GPGGA 200028.000 3751.6545000 -12218.1334000 1 20 0.00 -3.32 0.00 0.000 1 
13:00:12.841 13:00:12.841  GPGGA 200029.000 3751.6459000 -12218.1309000 1 20 0.00 -3.34 0.00 0.000 1 
13:00:13.847 13:00:13.847  GPGGA 200030.000 3751.6372000 -12218.1285000 1 20 0.00 -3.26 0.00 0.000 1 
13:00:14.853 13:00:14.853  GPGGA 200031.000 3751.6284000 -12218.1260000 1 20 0.00 -3.20 0.00 0.000 1 
13:00:15.849 13:00:15.849  GPGGA 200032.000 3751.6195000 -12218.1235000 1 20 0.00 -3.00 0.00 0.000 18 
13:00:16.840 13:00:16.840  GPGGA 200033.000 3751.6106000 -12218.1211000 1 20 0.00 -2.83 0.00 0.000 1 
13:00:17.841 13:00:17.841  GPGGA 200034.000 3751.6017000 -12218.1186000 1 20 0.00 -2.66 0.00 0.000 1 
13:00:18.847 13:00:18.847  GPGGA 200035.000 3751.5927000 -12218.1161000 1 20 0.00 -2.52 0.00 0.000 19 
13:00:19.841 13:00:19.841  GPGGA 200036.000 3751.5837000 -12218.1137000 1 20 0.00 -2.35 0.00 0.000 18 
13:00:20.852 13:00:20.852  GPGGA 200037.000 3751.5747000 -12218.1113000 1 20 0.00 -2.19 0.00 0.000 19 
13:00:21.849 13:00:21.849  GPGGA 200038.000 3751.5656000 -12218.1089000 1 20 0.00 -2.05 0.00 0.000 18 
13:00:22.855 13:00:22.855  GPGGA 200039.000 3751.5565000 -12218.1065000 1 20 0.00 -1.99 0.00 0.000 1 
13:00:23.848 13:00:23.848  GPGGA 200040.000 3751.5474000 -12218.1040000 1 20 0.00 -1.85 0.00 0.000 1 
13:00:24.843 13:00:24.843  GPGGA 200041.000 3751.5384000 -12218.1016000 1 20 0.00 -1.54 0.00 0.000 1 
13:00:25.843 13:00:25.843  GPGGA 200042.000 3751.5296000 -12218.0993000 1 20 0.00 -1.07 0.00 0.000 1 
13:00:26.856 13:00:26.856  GPGGA 200043.000 3751.5210000 -12218.0970000 1 20 0.00 -0.51 0.00 0.000 1 
13:00:27.847 13:00:27.847  GPGGA 200044.000 3751.5127000 -12218.0947000 1 20 0.00 0.06 0.00 0.000 34 
13:00:28.841 13:00:28.841  GPGGA 200045.000 3751.5046000 -12218.0925000 1 20 0.00 0.61 0.00 0.000 36 
13:00:29.840 13:00:29.840  GPGGA 200046.000 3751.4968000 -12218.0904000 1 20 0.00 1.08 0.00 0.000 3 
13:00:30.844 13:00:30.844  GPGGA 200047.000 3751.4892000 -12218.0882000 1 20 0.00 1.41 0.00 0.000 3 
13:00:31.857 13:00:31.857  GPGGA 200048.000 3751.4816000 -12218.0861000 1 20 0.00 1.69 0.00 0.000 3 
13:00:32.843 13:00:32.843  GPGGA 200049.000 3751.4741000 -12218.0840000 1 20 0.00 1.80 0.00 0.000 37 
13:00:33.842 13:00:33.842  GPGGA 200050.000 3751.4666000 -12218.0818000 1 20 0.00 1.76 0.00 0.000 3 
13:00:34.854 13:00:34.854  GPGGA 200051.000 3751.4590000 -12218.0797000 1 20 0.00 1.53 0.00 0.000 3 
13:00:35.856 13:00:35.856  GPGGA 200052.000 3751.4513000 -12218.0775000 1 20 0.00 1.33 0.00 0.000 39 
13:00:36.858 13:00:36.858  GPGGA 200053.000 3751.4435000 -12218.0753000 1 20 0.00 1.23 0.00 0.000 38 
13:00:37.849 13:00:37.849  GPGGA 200054.000 3751.4357000 -12218.0731000 1 20 0.00 1.26 0.00 0.000 3 
13:00:38.856 13:00:38.856  GPGGA 200055.000 3751.4281000 -12218.0711000 1 20 0.00 1.43 0.00 0.000 37 
13:00:39.854 13:00:39.854  GPGGA 200056.000 3751.4208000 -12218.0691000 1 20 0.00 1.79 0.00 0.000 35 
13:00:40.852 13:00:40.852  GPGGA 200057.000 3751.4138000 -12218.0673000 1 20 0.00 2.35 0.00 0.000 33 
13:00:41.845 13:00:41.845  GPGGA 200058.000 3751.4072000 -12218.0656000 1 20 0.00 3.02 0.00 0.000 31 
13:00:42.847 13:00:42.847  GPGGA 200059.000 3751.4010000 -12218.0640000 1 20 0.00 3.72 0.00 0.000 34 
13:00:43.857 13:00:43.857  GPGGA 200100.000 3751.3951000 -12218.0625000 1 20 0.00 4.34 0.00 0.000 34 
13:00:44.842 13:00:44.842  GPGGA 200101.000 3751.3896000 -12218.0610000 1 20 0.00 4.76 0.00 0.000 3 
13:00:45.851 13:00:45.851  GPGGA 200102.000 3751.3842000 -12218.0596000 1 20 0.00 4.98 0.00 0.000 38 
13:00:46.850 13:00:46.850  GPGGA 200103.000 3751.3790000 -12218.0581000 1 20 0.00 5.16 0.00 0.000 38 
13:00:47.858 13:00:47.858  GPGGA 200104.000 3751.3739000 -12218.0567000 1 20 0.00 5.26 0.00 0.000 37 
13:00:48.848 13:00:48.848  GPGGA 200105.000 3751.3690000 -12218.0552000 1 20 0.00 5.27 0.00 0.000 33 
13:00:49.843 13:00:49.843  GPGGA 200106.000 3751.3640000 -12218.0538000 1 20 0.00 5.14 0.00 0.000 31 
13:00:50.858 13:00:50.858  GPGGA 200107.000 3751.3590000 -12218.0523000 1 20 0.00 4.83 0.00 0.000 3 
13:00:51.842 13:00:51.842  GPGGA 200108.000 3751.3538000 -12218.0507000 1 20 0.00 4.37 0.00 0.000 3 
13:00:52.841 13:00:52.841  GPGGA 200109.000 3751.3484000 -12218.0491000 1 20 0.00 3.89 0.00 0.000 34 
13:00:53.855 13:00:53.855  GPGGA 200110.000 3751.3429000 -12218.0475000 1 20 0.00 3.47 0.00 0.000 33 
13:00:54.851 13:00:54.851  GPGGA 200111.000 3751.3373000 -12218.0458000 1 20 0.00 3.25 0.00 0.000 31 
13:00:55.844 13:00:55.844  GPGGA 200112.000 3751.3328000 -12218.0447000 1 20 0.00 4.79 0.00 0.000 3 
13:00:56.841 13:00:56.841  GPGGA 200113.000 3751.3287000 -12218.0437000 1 20 0.00 5.41 0.00 0.000 34 
13:00:57.851 13:00:57.851  GPGGA 200114.000 3751.3241000 -12218.0424000 1 20 0.00 4.71 0.00 0.000 39 
13:00:58.860 13:00:58.860  GPGGA 200115.000 3751.3187000 -12218.0407000 1 20 0.00 3.30 0.00 0.000 32 
13:00:59.851 13:00:59.851  GPGGA 200116.000 3751.3130000 -12218.0390000 1 20 0.00 2.49 0.00 0.000 3 
13:01:00.844 13:01:00.844  GPGGA 200117.000 3751.3073000 -12218.0373000 1 20 0.00 2.05 0.00 0.000 39 
13:01:01.845 13:01:01.845  GPGGA 200118.000 3751.3009000 -12218.0354000 1 20 0.00 0.95 0.00 0.000 35 
13:01:02.843 13:01:02.843  GPGGA 200119.000 3751.2940000 -12218.0332000 1 20 0.00 -0.29 0.00 0.000 1 
13:01:03.857 13:01:03.857  GPGGA 200120.000 3751.2865000 -12218.0309000 1 20 0.00 -1.34 0.00 0.000 12 
13:01:04.851 13:01:04.851  GPGGA 200121.000 3751.2788000 -12218.0285000 1 20 0.00 -1.98 0.00 0.000 1 
13:01:05.851 13:01:05.851  GPGGA 200122.000 3751.2710000 -12218.0263000 1 19 0.00 -1.89 0.00 0.000 1 
13:01:06.845 13:01:06.845  GPGGA 200123.000 3751.2638000 -12218.0244000 1 20 0.00 -1.01 0.00 0.000 19 
13:01:07.860 13:01:07.860  GPGGA 200124.000 3751.2569000 -12218.0226000 1 20 0.00 -0.25 0.00 0.000 1 
13:01:08.847 13:01:08.847  GPGGA 200125.000 3751.2500000 -12218.0208000 1 20 0.00 0.17 0.00 0.000 34 
13:01:09.857 13:01:09.857  GPGGA 200126.000 3751.2433000 -12218.0190000 1 20 0.00 0.32 0.00 0.000 33 
13:01:10.853 13:01:10.853  GPGGA 200127.000 3751.2364000 -12218.0171000 1 20 0.00 0.26 0.00 0.000 3 
13:01:11.854 13:01:11.854  GPGGA 200128.000 3751.2294000 -12218.0152000 1 20 0.00 0.03 0.00 0.000 3 
13:01:12.851 13:01:12.851  GPGGA 200129.000 3751.2223000 -12218.0132000 1 20 0.00 0.11 0.00 0.000 32 
13:01:13.844 13:01:13.844  GPGGA 200130.000 3751.2157000 -12218.0116000 1 20 0.00 0.83 0.00 0.000 37 
13:01:14.859 13:01:14.859  GPGGA 200131.000 3751.2100000 -12218.0102000 1 20 0.00 2.38 0.00 0.000 33 
13:01:15.846 13:01:15.846  GPGGA 200132.000 3751.2055000 -12218.0093000 1 20 0.00 4.46 0.00 0.000 37 
13:01:16.842 13:01:16.842  GPGGA 200133.000 3751.2021000 -12218.0086000 1 20 0.00 6.42 0.00 0.000 37 
13:01:17.852 13:01:17.852  GPGGA 200134.000 3751.1997000 -12218.0082000 1 20 0.00 7.94 0.00 0.000 39 
13:01:18.852 13:01:18.853  GPGGA 200135.000 3751.1982000 -12218.0080000 1 20 0.00 9.03 0.00 0.000 3 
13:01:19.848 13:01:19.848  GPGGA 200136.000 3751.1978000 -12218.0079000 1 20 0.00 9.44 0.00 0.000 3 
13:01:20.852 13:01:20.852  GPGGA 200137.000 3751.1979000 -12218.0078000 1 19 0.00 9.24 0.00 0.000 30 
13:01:21.854 13:01:21.854  GPGGA 200138.000 3751.1978000 -12218.0076000 1 19 0.00 8.28 0.00 0.000 3 
13:01:22.848 13:01:22.848  GPGGA 200139.000 3751.1974000 -12218.0073000 1 20 0.00 7.39 0.00 0.000 30 
13:01:23.853 13:01:23.853  GPGGA 200140.000 3751.1963000 -12218.0068000 1 20 0.00 6.33 0.00 0.000 39 
13:01:24.842 13:01:24.842  GPGGA 200141.000 3751.1943000 -12218.0062000 1 20 0.00 5.59 0.00 0.000 3 
13:01:25.849 13:01:25.849  GPGGA 200142.000 3751.1923000 -12218.0056000 1 20 0.00 5.25 0.00 0.000 36 
13:01:26.844 13:01:26.844  GPGGA 200143.000 3751.1904000 -12218.0050000 1 20 0.00 5.07 0.00 0.000 34 
13:01:27.855 13:01:27.855  GPGGA 200144.000 3751.1887000 -12218.0045000 1 20 0.00 4.94 0.00 0.000 36 
13:01:28.860 13:01:28.860  GPGGA 200145.000 3751.1871000 -12218.0040000 1 20 0.00 4.86 0.00 0.000 38 
13:01:29.848 13:01:29.848  GPGGA 200146.000 3751.1853000 -12218.0035000 1 20 0.00 4.67 0.00 0.000 36 
13:01:30.853 13:01:30.853  GPGGA 200147.000 3751.1833000 -12218.0029000 1 20 0.00 4.29 0.00 0.000 36 
13:01:31.850 13:01:31.850  GPGGA 200148.000 3751.1808000 -12218.0022000 1 20 0.00 3.81 0.00 0.000 3 
13:01:32.844 13:01:32.844  GPGGA 200149.000 3751.1781000 -12218.0013000 1 20 0.00 3.36 0.00 0.000 3 
13:01:33.851 13:01:33.851  GPGGA 200150.000 3751.1752000 -12218.0005000 1 20 0.00 3.01 0.00 0.000 3 
13:01:34.861 13:01:34.861  GPGGA 200151.000 3751.1723000 -12217.9997000 1 20 0.00 2.88 0.00 0.000 38 
13:01:35.851 13:01:35.851  GPGGA 200152.000 3751.1696000 -12217.9990000 1 20 0.00 2.90 0.00 0.000 3 
13:01:36.858 13:01:36.858  GPGGA 200153.000 3751.1668000 -12217.9982000 1 19 0.00 2.83 0.00 0.000 31 
13:01:37.850 13:01:37.850  GPGGA 200154.000 3751.1639000 -12217.9974000 1 19 0.00 2.61 0.00 0.000 37 
13:01:38.851 13:01:38.851  GPGGA 200155.000 3751.1608000 -12217.9965000 1 19 0.00 2.24 0.00 0.000 35 
13:01:39.857 13:01:39.857  GPGGA 200156.000 3751.1575000 -12217.9956000 1 19 0.00 1.90 0.00 0.000 33 
13:01:40.857 13:01:40.857  GPGGA 200157.000 3751.1538000 -12217.9945000 1 19 0.00 1.29 0.00 0.000 3 
13:01:41.853 13:01:41.853  GPGGA 200158.000 3751.1497000 -12217.9933000 1 19 0.00 0.51 0.00 0.000 3 
13:01:42.847 13:01:42.847  GPGGA 200159.000 3751.1450000 -12217.9918000 1 19 0.00 -0.41 0.00 0.000 10 
13:01:43.847 13:01:43.847  GPGGA 200200.000 3751.1399000 -12217.9904000 1 19 0.00 -1.31 0.00 0.000 16 
13:01:44.845 13:01:44.845  GPGGA 200201.000 3751.1342000 -12217.9889000 1 19 0.00 -2.11 0.00 0.000 14 
13:01:45.855 13:01:45.855  GPGGA 200202.000 3751.1283000 -12217.9873000 1 19 0.00 -2.66 0.00 0.000 1 
13:01:46.851 13:01:46.851  GPGGA 200203.000 3751.1222000 -12217.9857000 1 19 0.00 -3.11 0.00 0.000 13 
13:01:47.858 13:01:47.858  GPGGA 200204.000 3751.1159000 -12217.9841000 1 19 0.00 -3.60 0.00 0.000 1 
13:01:48.859 13:01:48.859  GPGGA 200205.000 3751.1092000 -12217.9824000 1 19 0.00 -4.07 0.00 0.000 18 
13:01:49.855 13:01:49.855  GPGGA 200206.000 3751.1022000 -12217.9806000 1 19 0.00 -4.47 0.00 0.000 14 
13:01:50.861 13:01:50.861  GPGGA 200207.000 3751.0951000 -12217.9787000 1 19 0.00 -4.65 0.00 0.000 1 
13:01:51.854 13:01:51.855  GPGGA 200208.000 3751.0879000 -12217.9769000 1 19 0.00 -4.60 0.00 0.000 1 
13:01:52.844 13:01:52.844  GPGGA 200209.000 3751.0806000 -12217.9751000 1 19 0.00 -4.45 0.00 0.000 1 
13:01:53.848 13:01:53.848  GPGGA 200210.000 3751.0733000 -12217.9732000 1 19 0.00 -4.40 0.00 0.000 1 
13:01:54.854 13:01:54.854  GPGGA 200211.000 3751.0659000 -12217.9714000 1 19 0.00 -4.26 0.00 0.000 12 
13:01:55.846 13:01:55.846  GPGGA 200212.000 3751.0586000 -12217.9696000 1 19 0.00 -4.01 0.00 0.000 1 
13:01:56.851 13:01:56.851  GPGGA 200213.000 3751.0512000 -12217.9678000 1 19 0.00 -3.81 0.00 0.000 1 
13:01:57.848 13:01:57.848  GPGGA 200214.000 3751.0438000 -12217.9661000 1 19 0.00 -3.60 0.00 0.000 14 
13:01:58.856 13:01:58.856  GPGGA 200215.000 3751.0365000 -12217.9643000 1 19 0.00 -3.25 0.00 0.000 1 
13:01:59.846 13:01:59.846  GPGGA 200216.000 3751.0293000 -12217.9627000 1 19 0.00 -2.77 0.00 0.000 14 
13:02:00.863 13:02:00.863  GPGGA 200217.000 3751.0223000 -12217.9610000 1 19 0.00 -2.37 0.00 0.000 1 
13:02:01.855 13:02:01.855  GPGGA 200218.000 3751.0153000 -12217.9594000 1 19 0.00 -2.12 0.00 0.000 1 
13:02:02.843 13:02:02.843  GPGGA 200219.000 3751.0082000 -12217.9577000 1 19 0.00 -2.01 0.00 0.000 1 
13:02:03.854 13:02:03.854  GPGGA 200220.000 3751.0010000 -12217.9561000 1 19 0.00 -2.07 0.00 0.000 1 
13:02:04.860 13:02:04.860  GPGGA 200221.000 3750.9937000 -12217.9544000 1 19 0.00 -2.18 0.00 0.000 12 
13:02:05.846 13:02:05.846  GPGGA 200222.000 3750.9863000 -12217.9527000 1 19 0.00 -2.30 0.00 0.000 1 
13:02:06.855 13:02:06.855  GPGGA 200223.000 3750.9788000 -12217.9510000 1 19 0.00 -2.25 0.00 0.000 15 
13:02:07.849 13:02:07.849  GPGGA 200224.000 3750.9713000 -12217.9493000 1 18 0.00 -1.95 0.00 0.000 13 
13:02:08.848 13:02:08.848  GPGGA 200225.000 3750.9641000 -12217.9478000 1 18 0.00 -1.50 0.00 0.000 18 
13:02:09.856 13:02:09.856  GPGGA 200226.000 3750.9570000 -12217.9462000 1 18 0.00 -0.91 0.00 0.000 1 
13:02:10.855 13:02:10.855  GPGGA 200227.000 3750.9502000 -12217.9447000 1 18 0.00 -0.45 0.00 0.000 17 
13:02:11.857 13:02:11.857  GPGGA 200228.000 3750.9439000 -12217.9433000 1 18 0.00 0.48 0.00 0.000 32 
13:02:12.849 13:02:12.849  GPGGA 200229.000 3750.9375000 -12217.9418000 1 16 0.00 1.07 0.00 0.000 31 
13:02:13.848 13:02:13.848  GPGGA 200230.000 3750.9321000 -12217.9406000 1 16 0.00 2.94 0.00 0.000 3 
13:02:14.863 13:02:14.864  GPGGA 200231.000 3750.9271000 -12217.9395000 1 17 0.00 3.99 0.00 0.000 3 
13:02:15.857 13:02:15.857  GPGGA 200232.000 3750.9217000 -12217.9383000 1 18 0.00 3.97 0.00 0.000 3 
13:02:16.855 13:02:16.855  GPGGA 200233.000 3750.9163000 -12217.9370000 1 18 0.00 3.62 0.00 0.000 39 
13:02:17.851 13:02:17.851  GPGGA 200234.000 3750.9109000 -12217.9358000 1 18 0.00 3.61 0.00 0.000 3 
13:02:18.860 13:02:18.860  GPGGA 200235.000 3750.9059000 -12217.9347000 1 18 0.00 4.14 0.00 0.000 35 
13:02:19.847 13:02:19.847  GPGGA 200236.000 3750.9013000 -12217.9337000 1 18 0.00 4.95 0.00 0.000 36 
13:02:20.860 13:02:20.860  GPGGA 200237.000 3750.8970000 -12217.9328000 1 18 0.00 5.57 0.00 0.000 3 
13:02:21.847 13:02:21.847  GPGGA 200238.000 3750.8930000 -12217.9318000 1 18 0.00 6.23 0.00 0.000 33 
13:02:22.857 13:02:22.857  GPGGA 200239.000 3750.8894000 -12217.9311000 1 18 0.00 6.86 0.00 0.000 3 
13:02:23.859 13:02:23.859  GPGGA 200240.000 3750.8862000 -12217.9303000 1 18 0.00 7.27 0.00 0.000 35 
13:02:24.892 13:02:24.892  GPGGA 200241.000 3750.8833000 -12217.9296000 1 18 0.00 7.58 0.00 0.000 35 
13:02:25.860 13:02:25.860  GPGGA 200242.000 3750.8807000 -12217.9290000 1 18 0.00 7.75 0.00 0.000 38 
13:02:26.858 13:02:26.858  GPGGA 200243.000 3750.8781000 -12217.9283000 1 18 0.00 7.53 0.00 0.000 3 
13:02:27.851 13:02:27.851  GPGGA 200244.000 3750.8754000 -12217.9276000 1 18 0.00 7.13 0.00 0.000 3 
13:02:28.847 13:02:28.847  GPGGA 200245.000 3750.8723000 -12217.9268000 1 18 0.00 6.32 0.00 0.000 33 
13:02:29.856 13:02:29.856  GPGGA 200246.000 3750.8688000 -12217.9258000 1 18 0.00 5.56 0.00 0.000 32 
13:02:30.860 13:02:30.860  GPGGA 200247.000 3750.8649000 -12217.9248000 1 18 0.00 4.81 0.00 0.000 34 
13:02:31.859 13:02:31.859  GPGGA 200248.000 3750.8607000 -12217.9236000 1 18 0.00 4.05 0.00 0.000 34 
13:02:32.848 13:02:32.848  GPGGA 200249.000 3750.8560000 -12217.9224000 1 18 0.00 3.24 0.00 0.000 30 
13:02:33.857 13:02:33.857  GPGGA 200250.000 3750.8510000 -12217.9212000 1 18 0.00 2.35 0.00 0.000 3 
13:02:34.859 13:02:34.859  GPGGA 200251.000 3750.8456000 -12217.9198000 1 18 0.00 1.48 0.00 0.000 31 
13:02:35.855 13:02:35.855  GPGGA 200252.000 3750.8398000 -12217.9184000 1 18 0.00 0.74 0.00 0.000 34 
13:02:36.866 13:02:36.866  GPGGA 200253.000 3750.8338000 -12217.9169000 1 18 0.00 0.02 0.00 0.000 3 
13:02:37.850 13:02:37.850  GPGGA 200254.000 3750.8278000 -12217.9154000 1 18 0.00 -0.52 0.00 0.000 19 
13:02:38.854 13:02:38.854  GPGGA 200255.000 3750.8214000 -12217.9138000 1 17 0.00 -1.43 0.00 0.000 16 
13:02:39.855 13:02:39.855  GPGGA 200256.000 3750.8148000 -12217.9123000 1 18 0.00 -2.00 0.00 0.000 1 
13:02:40.859 13:02:40.859  GPGGA 200257.000 3750.8081000 -12217.9107000 1 18 0.00 -2.28 0.00 0.000 17 
13:02:41.859 13:02:41.859  GPGGA 200258.000 3750.8013000 -12217.9091000 1 18 0.00 -2.22 0.00 0.000 17 
13:02:42.848 13:02:42.848  GPGGA 200259.000 3750.7945000 -12217.9077000 1 18 0.00 -1.91 0.00 0.000 10 
13:02:43.853 13:02:43.853  GPGGA 200300.000 3750.7880000 -12217.9064000 1 18 0.00 -1.25 0.00 0.000 18 
13:02:44.852 13:02:44.852  GPGGA 200301.000 3750.7821000 -12217.9052000 1 18 0.00 0.21 0.00 0.000 3 
13:02:45.857 13:02:45.857  GPGGA 200302.000 3750.7772000 -12217.9046000 1 18 0.00 2.43 0.00 0.000 36 
13:02:46.852 13:02:46.852  GPGGA 200303.000 3750.7738000 -12217.9042000 1 18 0.00 5.28 0.00 0.000 37 
13:02:47.849 13:02:47.849  GPGGA 200304.000 3750.7704000 -12217.9037000 1 18 0.00 7.24 0.00 0.000 33 
13:02:48.859 13:02:48.859  GPGGA 200305.000 3750.7672000 -12217.9029000 1 18 0.00 8.36 0.00 0.000 31 
13:02:49.851 13:02:49.851  GPGGA 200306.000 3750.7625000 -12217.9018000 1 10 0.00 9.73 0.00 0.000 3 
