Receiving GPS point for DB variable 8001
writing output to stdout
12:16:31.640 12:16:31.640  GPGGA 191648.000 3754.9095000 -12220.1008000 1 17 0.00 4.81 0.00 0.000 33 
12:16:32.643 12:16:32.643  GPGGA 191649.000 3754.9096000 -12220.1008000 1 17 0.00 4.88 0.00 0.000 38 
12:16:33.643 12:16:33.643  GPGGA 191650.000 3754.9096000 -12220.1008000 1 17 0.00 4.92 0.00 0.000 3 
12:16:34.640 12:16:34.640  GPGGA 191651.000 3754.9096000 -12220.1008000 1 17 0.00 4.97 0.00 0.000 3 
12:16:35.643 12:16:35.643  GPGGA 191652.000 3754.9096000 -12220.1008000 1 17 0.00 5.02 0.00 0.000 31 
12:16:36.649 12:16:36.649  GPGGA 191653.000 3754.9096000 -12220.1008000 1 17 0.00 5.08 0.00 0.000 3 
12:16:37.641 12:16:37.641  GPGGA 191654.000 3754.9096000 -12220.1008000 1 17 0.00 5.13 0.00 0.000 37 
12:16:38.642 12:16:38.642  GPGGA 191655.000 3754.9096000 -12220.1008000 1 17 0.00 5.20 0.00 0.000 36 
12:16:39.639 12:16:39.640  GPGGA 191656.000 3754.9096000 -12220.1008000 1 17 0.00 5.28 0.00 0.000 3 
12:16:40.642 12:16:40.642  GPGGA 191657.000 3754.9096000 -12220.1008000 1 17 0.00 5.34 0.00 0.000 31 
12:16:41.644 12:16:41.644  GPGGA 191658.000 3754.9096000 -12220.1007000 1 17 0.00 5.41 0.00 0.000 33 
12:16:42.635 12:16:42.635  GPGGA 191659.000 3754.9096000 -12220.1007000 1 17 0.00 5.46 0.00 0.000 35 
12:16:43.644 12:16:43.644  GPGGA 191700.000 3754.9096000 -12220.1007000 1 17 0.00 5.50 0.00 0.000 3 
12:16:44.649 12:16:44.649  GPGGA 191701.000 3754.9096000 -12220.1007000 1 17 0.00 5.55 0.00 0.000 3 
12:16:45.634 12:16:45.634  GPGGA 191702.000 3754.9096000 -12220.1007000 1 17 0.00 5.59 0.00 0.000 34 
12:16:46.644 12:16:46.644  GPGGA 191703.000 3754.9097000 -12220.1007000 1 17 0.00 5.63 0.00 0.000 3 
12:16:47.637 12:16:47.637  GPGGA 191704.000 3754.9097000 -12220.1007000 1 17 0.00 5.67 0.00 0.000 3 
12:16:48.635 12:16:48.635  GPGGA 191705.000 3754.9097000 -12220.1007000 1 18 0.00 5.71 0.00 0.000 37 
12:16:49.639 12:16:49.639  GPGGA 191706.000 3754.9097000 -12220.1007000 1 18 0.00 5.75 0.00 0.000 30 
12:16:50.640 12:16:50.640  GPGGA 191707.000 3754.9097000 -12220.1007000 1 18 0.00 5.79 0.00 0.000 3 
12:16:51.642 12:16:51.642  GPGGA 191708.000 3754.9098000 -12220.1007000 1 18 0.00 5.82 0.00 0.000 39 
12:16:52.650 12:16:52.650  GPGGA 191709.000 3754.9098000 -12220.1007000 1 18 0.00 5.84 0.00 0.000 3 
12:16:53.645 12:16:53.645  GPGGA 191710.000 3754.9098000 -12220.1007000 1 17 0.00 5.89 0.00 0.000 34 
12:16:54.651 12:16:54.651  GPGGA 191711.000 3754.9098000 -12220.1007000 1 17 0.00 5.93 0.00 0.000 3 
12:16:55.643 12:16:55.643  GPGGA 191712.000 3754.9098000 -12220.1007000 1 17 0.00 5.92 0.00 0.000 3 
12:16:56.633 12:16:56.633  GPGGA 191713.000 3754.9098000 -12220.1007000 1 17 0.00 5.89 0.00 0.000 37 
12:16:57.650 12:16:57.650  GPGGA 191714.000 3754.9098000 -12220.1007000 1 17 0.00 5.84 0.00 0.000 3 
12:16:58.651 12:16:58.651  GPGGA 191715.000 3754.9098000 -12220.1006000 1 17 0.00 5.79 0.00 0.000 3 
12:16:59.645 12:16:59.645  GPGGA 191716.000 3754.9098000 -12220.1006000 1 18 0.00 5.75 0.00 0.000 3 
12:17:00.650 12:17:00.650  GPGGA 191717.000 3754.9098000 -12220.1006000 1 18 0.00 5.75 0.00 0.000 3 
12:17:01.646 12:17:01.646  GPGGA 191718.000 3754.9099000 -12220.1007000 1 18 0.00 5.76 0.00 0.000 32 
12:17:02.643 12:17:02.643  GPGGA 191719.000 3754.9099000 -12220.1007000 1 18 0.00 5.78 0.00 0.000 3 
12:17:03.636 12:17:03.636  GPGGA 191720.000 3754.9099000 -12220.1007000 1 18 0.00 5.83 0.00 0.000 33 
12:17:04.635 12:17:04.635  GPGGA 191721.000 3754.9099000 -12220.1007000 1 18 0.00 5.87 0.00 0.000 36 
12:17:05.653 12:17:05.653  GPGGA 191722.000 3754.9099000 -12220.1007000 1 18 0.00 5.91 0.00 0.000 32 
12:17:06.635 12:17:06.635  GPGGA 191723.000 3754.9099000 -12220.1007000 1 18 0.00 5.95 0.00 0.000 37 
12:17:07.644 12:17:07.644  GPGGA 191724.000 3754.9099000 -12220.1007000 1 18 0.00 6.01 0.00 0.000 3 
12:17:08.646 12:17:08.646  GPGGA 191725.000 3754.9099000 -12220.1007000 1 17 0.00 6.09 0.00 0.000 38 
12:17:09.650 12:17:09.650  GPGGA 191726.000 3754.9099000 -12220.1007000 1 17 0.00 6.15 0.00 0.000 36 
12:17:10.653 12:17:10.653  GPGGA 191727.000 3754.9098000 -12220.1007000 1 17 0.00 6.25 0.00 0.000 35 
12:17:11.649 12:17:11.649  GPGGA 191728.000 3754.9098000 -12220.1007000 1 17 0.00 6.33 0.00 0.000 3 
12:17:12.645 12:17:12.645  GPGGA 191729.000 3754.9098000 -12220.1007000 1 17 0.00 6.42 0.00 0.000 3 
12:17:13.636 12:17:13.636  GPGGA 191730.000 3754.9097000 -12220.1007000 1 17 0.00 6.47 0.00 0.000 38 
12:17:14.635 12:17:14.635  GPGGA 191731.000 3754.9097000 -12220.1006000 1 17 0.00 6.51 0.00 0.000 3 
12:17:15.652 12:17:15.652  GPGGA 191732.000 3754.9096000 -12220.1006000 1 17 0.00 6.50 0.00 0.000 3 
12:17:16.636 12:17:16.636  GPGGA 191733.000 3754.9096000 -12220.1005000 1 17 0.00 6.45 0.00 0.000 3 
12:17:17.652 12:17:17.652  GPGGA 191734.000 3754.9096000 -12220.1005000 1 17 0.00 6.40 0.00 0.000 38 
12:17:18.648 12:17:18.648  GPGGA 191735.000 3754.9096000 -12220.1005000 1 16 0.00 6.33 0.00 0.000 3 
12:17:19.642 12:17:19.642  GPGGA 191736.000 3754.9097000 -12220.1004000 1 16 0.00 6.26 0.00 0.000 3 
12:17:20.635 12:17:20.635  GPGGA 191737.000 3754.9097000 -12220.1004000 1 16 0.00 6.19 0.00 0.000 36 
12:17:21.636 12:17:21.636  GPGGA 191738.000 3754.9097000 -12220.1004000 1 16 0.00 6.14 0.00 0.000 34 
12:17:22.642 12:17:22.642  GPGGA 191739.000 3754.9097000 -12220.1004000 1 17 0.00 6.09 0.00 0.000 38 
12:17:23.653 12:17:23.653  GPGGA 191740.000 3754.9098000 -12220.1003000 1 15 0.00 6.06 0.00 0.000 33 
12:17:24.641 12:17:24.641  GPGGA 191741.000 3754.9098000 -12220.1003000 1 16 0.00 6.04 0.00 0.000 33 
12:17:25.648 12:17:25.649  GPGGA 191742.000 3754.9098000 -12220.1004000 1 17 0.00 6.01 0.00 0.000 33 
12:17:26.646 12:17:26.646  GPGGA 191743.000 3754.9099000 -12220.1004000 1 17 0.00 5.98 0.00 0.000 30 
12:17:27.648 12:17:27.648  GPGGA 191744.000 3754.9099000 -12220.1004000 1 17 0.00 5.92 0.00 0.000 3 
12:17:28.642 12:17:28.642  GPGGA 191745.000 3754.9099000 -12220.1004000 1 17 0.00 5.86 0.00 0.000 39 
12:17:29.653 12:17:29.653  GPGGA 191746.000 3754.9099000 -12220.1004000 1 17 0.00 5.82 0.00 0.000 3 
12:17:30.642 12:17:30.642  GPGGA 191747.000 3754.9099000 -12220.1004000 1 17 0.00 5.77 0.00 0.000 35 
12:17:31.652 12:17:31.652  GPGGA 191748.000 3754.9099000 -12220.1005000 1 17 0.00 5.71 0.00 0.000 3 
12:17:32.648 12:17:32.648  GPGGA 191749.000 3754.9099000 -12220.1005000 1 17 0.00 5.63 0.00 0.000 3 
12:17:33.650 12:17:33.650  GPGGA 191750.000 3754.9099000 -12220.1004000 1 17 0.00 5.54 0.00 0.000 32 
12:17:34.641 12:17:34.641  GPGGA 191751.000 3754.9099000 -12220.1005000 1 17 0.00 5.51 0.00 0.000 37 
12:17:35.645 12:17:35.645  GPGGA 191752.000 3754.9099000 -12220.1004000 1 17 0.00 5.51 0.00 0.000 35 
12:17:36.651 12:17:36.651  GPGGA 191753.000 3754.9099000 -12220.1005000 1 17 0.00 5.55 0.00 0.000 31 
12:17:37.644 12:17:37.644  GPGGA 191754.000 3754.9099000 -12220.1005000 1 17 0.00 5.62 0.00 0.000 32 
12:17:38.643 12:17:38.643  GPGGA 191755.000 3754.9099000 -12220.1005000 1 17 0.00 5.70 0.00 0.000 30 
12:17:39.653 12:17:39.653  GPGGA 191756.000 3754.9099000 -12220.1005000 1 17 0.00 5.79 0.00 0.000 3 
12:17:40.638 12:17:40.638  GPGGA 191757.000 3754.9099000 -12220.1005000 1 17 0.00 5.88 0.00 0.000 35 
12:17:41.653 12:17:41.653  GPGGA 191758.000 3754.9099000 -12220.1005000 1 17 0.00 5.98 0.00 0.000 3 
12:17:42.637 12:17:42.637  GPGGA 191759.000 3754.9099000 -12220.1006000 1 17 0.00 6.11 0.00 0.000 3 
12:17:43.639 12:17:43.639  GPGGA 191800.000 3754.9099000 -12220.1006000 1 17 0.00 6.24 0.00 0.000 3 
12:17:44.646 12:17:44.646  GPGGA 191801.000 3754.9099000 -12220.1006000 1 17 0.00 6.36 0.00 0.000 3 
12:17:45.646 12:17:45.646  GPGGA 191802.000 3754.9099000 -12220.1006000 1 18 0.00 6.49 0.00 0.000 38 
12:17:46.648 12:17:46.648  GPGGA 191803.000 3754.9099000 -12220.1007000 1 18 0.00 6.59 0.00 0.000 39 
12:17:47.638 12:17:47.638  GPGGA 191804.000 3754.9099000 -12220.1007000 1 18 0.00 6.67 0.00 0.000 33 
12:17:48.655 12:17:48.655  GPGGA 191805.000 3754.9100000 -12220.1008000 1 17 0.00 6.75 0.00 0.000 30 
12:17:49.643 12:17:49.643  GPGGA 191806.000 3754.9100000 -12220.1009000 1 17 0.00 6.81 0.00 0.000 39 
12:17:50.654 12:17:50.654  GPGGA 191807.000 3754.9100000 -12220.1009000 1 17 0.00 6.87 0.00 0.000 3 
12:17:51.645 12:17:51.645  GPGGA 191808.000 3754.9101000 -12220.1010000 1 17 0.00 6.85 0.00 0.000 3 
12:17:52.645 12:17:52.645  GPGGA 191809.000 3754.9101000 -12220.1011000 1 17 0.00 6.86 0.00 0.000 39 
12:17:53.655 12:17:53.655  GPGGA 191810.000 3754.9102000 -12220.1011000 1 16 0.00 6.87 0.00 0.000 32 
12:17:54.639 12:17:54.639  GPGGA 191811.000 3754.9102000 -12220.1012000 1 16 0.00 6.90 0.00 0.000 36 
12:17:55.641 12:17:55.641  GPGGA 191812.000 3754.9102000 -12220.1013000 1 17 0.00 6.94 0.00 0.000 31 
12:17:56.640 12:17:56.640  GPGGA 191813.000 3754.9102000 -12220.1013000 1 17 0.00 6.99 0.00 0.000 3 
12:17:57.649 12:17:57.649  GPGGA 191814.000 3754.9102000 -12220.1013000 1 16 0.00 7.00 0.00 0.000 3 
12:17:58.641 12:17:58.641  GPGGA 191815.000 3754.9102000 -12220.1014000 1 17 0.00 7.03 0.00 0.000 3 
12:17:59.657 12:17:59.657  GPGGA 191816.000 3754.9102000 -12220.1014000 1 17 0.00 7.07 0.00 0.000 39 
12:18:00.640 12:18:00.640  GPGGA 191817.000 3754.9102000 -12220.1014000 1 17 0.00 7.09 0.00 0.000 36 
12:18:01.654 12:18:01.654  GPGGA 191818.000 3754.9102000 -12220.1015000 1 17 0.00 7.15 0.00 0.000 35 
12:18:02.656 12:18:02.656  GPGGA 191819.000 3754.9102000 -12220.1015000 1 17 0.00 7.22 0.00 0.000 30 
12:18:03.645 12:18:03.645  GPGGA 191820.000 3754.9102000 -12220.1016000 1 17 0.00 7.34 0.00 0.000 3 
12:18:04.651 12:18:04.651  GPGGA 191821.000 3754.9102000 -12220.1016000 1 17 0.00 7.47 0.00 0.000 3 
12:18:05.651 12:18:05.651  GPGGA 191822.000 3754.9102000 -12220.1017000 1 18 0.00 7.60 0.00 0.000 33 
12:18:06.650 12:18:06.650  GPGGA 191823.000 3754.9102000 -12220.1017000 1 18 0.00 7.75 0.00 0.000 36 
12:18:07.652 12:18:07.652  GPGGA 191824.000 3754.9102000 -12220.1017000 1 17 0.00 7.87 0.00 0.000 33 
12:18:08.656 12:18:08.656  GPGGA 191825.000 3754.9102000 -12220.1018000 1 17 0.00 8.04 0.00 0.000 39 
12:18:09.640 12:18:09.640  GPGGA 191826.000 3754.9102000 -12220.1018000 1 16 0.00 8.29 0.00 0.000 34 
12:18:10.651 12:18:10.651  GPGGA 191827.000 3754.9103000 -12220.1020000 1 17 0.00 8.70 0.00 0.000 32 
12:18:11.652 12:18:11.652  GPGGA 191828.000 3754.9103000 -12220.1021000 1 17 0.00 9.02 0.00 0.000 38 
12:18:12.652 12:18:12.652  GPGGA 191829.000 3754.9104000 -12220.1022000 1 16 0.00 9.26 0.00 0.000 3 
12:18:13.656 12:18:13.656  GPGGA 191830.000 3754.9104000 -12220.1023000 1 16 0.00 9.50 0.00 0.000 32 
12:18:14.651 12:18:14.651  GPGGA 191831.000 3754.9105000 -12220.1024000 1 17 0.00 9.73 0.00 0.000 35 
12:18:15.652 12:18:15.652  GPGGA 191832.000 3754.9105000 -12220.1025000 1 17 0.00 9.86 0.00 0.000 3 
12:18:16.646 12:18:16.646  GPGGA 191833.000 3754.9106000 -12220.1026000 1 17 0.00 10.02 0.00 0.000 8 
12:18:17.652 12:18:17.652  GPGGA 191834.000 3754.9107000 -12220.1027000 1 17 0.00 10.13 0.00 0.000 0 
12:18:18.646 12:18:18.646  GPGGA 191835.000 3754.9107000 -12220.1027000 1 17 0.00 10.24 0.00 0.000 0 
12:18:19.656 12:18:19.656  GPGGA 191836.000 3754.9108000 -12220.1028000 1 17 0.00 10.26 0.00 0.000 0 
12:18:20.649 12:18:20.649  GPGGA 191837.000 3754.9108000 -12220.1028000 1 17 0.00 10.26 0.00 0.000 0 
12:18:21.643 12:18:21.643  GPGGA 191838.000 3754.9108000 -12220.1028000 1 17 0.00 10.27 0.00 0.000 4 
12:18:22.657 12:18:22.657  GPGGA 191839.000 3754.9108000 -12220.1028000 1 16 0.00 10.30 0.00 0.000 2 
12:18:23.657 12:18:23.657  GPGGA 191840.000 3754.9108000 -12220.1028000 1 17 0.00 10.33 0.00 0.000 0 
12:18:24.655 12:18:24.655  GPGGA 191841.000 3754.9108000 -12220.1028000 1 17 0.00 10.29 0.00 0.000 4 
12:18:25.650 12:18:25.650  GPGGA 191842.000 3754.9108000 -12220.1028000 1 17 0.00 10.25 0.00 0.000 0 
12:18:26.643 12:18:26.643  GPGGA 191843.000 3754.9108000 -12220.1028000 1 16 0.00 10.22 0.00 0.000 0 
12:18:27.651 12:18:27.651  GPGGA 191844.000 3754.9108000 -12220.1028000 1 17 0.00 10.22 0.00 0.000 0 
