Receiving GPS point for DB variable 8001
writing output to stdout
15:57:06.359 15:57:06.359  GPGGA 225722.000 3750.6327000 -12217.8543000 1 18 0.00 5.50 0.00 0.000 36 
15:57:07.369 15:57:07.369  GPGGA 225723.000 3750.6356000 -12217.8550000 1 18 0.00 6.14 0.00 0.000 30 
15:57:08.365 15:57:08.365  GPGGA 225724.000 3750.6384000 -12217.8556000 1 18 0.00 6.28 0.00 0.000 31 
15:57:09.367 15:57:09.367  GPGGA 225725.000 3750.6413000 -12217.8563000 1 18 0.00 6.05 0.00 0.000 30 
15:57:10.366 15:57:10.366  GPGGA 225726.000 3750.6444000 -12217.8570000 1 18 0.00 5.71 0.00 0.000 33 
15:57:11.370 15:57:11.370  GPGGA 225727.000 3750.6475000 -12217.8577000 1 18 0.00 5.43 0.00 0.000 36 
15:57:12.368 15:57:12.368  GPGGA 225728.000 3750.6506000 -12217.8584000 1 18 0.00 5.35 0.00 0.000 31 
15:57:13.366 15:57:13.366  GPGGA 225729.000 3750.6535000 -12217.8591000 1 18 0.00 5.43 0.00 0.000 35 
15:57:14.365 15:57:14.365  GPGGA 225730.000 3750.6561000 -12217.8597000 1 18 0.00 5.67 0.00 0.000 3 
15:57:15.368 15:57:15.368  GPGGA 225731.000 3750.6585000 -12217.8603000 1 18 0.00 5.94 0.00 0.000 35 
15:57:16.367 15:57:16.367  GPGGA 225732.000 3750.6606000 -12217.8608000 1 18 0.00 6.14 0.00 0.000 3 
15:57:17.370 15:57:17.370  GPGGA 225733.000 3750.6626000 -12217.8612000 1 18 0.00 6.26 0.00 0.000 37 
15:57:18.369 15:57:18.369  GPGGA 225734.000 3750.6644000 -12217.8617000 1 18 0.00 6.34 0.00 0.000 32 
15:57:19.367 15:57:19.367  GPGGA 225735.000 3750.6660000 -12217.8620000 1 18 0.00 6.51 0.00 0.000 32 
15:57:20.372 15:57:20.372  GPGGA 225736.000 3750.6669000 -12217.8622000 1 18 0.00 7.04 0.00 0.000 3 
15:57:21.364 15:57:21.364  GPGGA 225737.000 3750.6671000 -12217.8623000 1 18 0.00 7.26 0.00 0.000 32 
15:57:22.361 15:57:22.361  GPGGA 225738.000 3750.6676000 -12217.8624000 1 18 0.00 6.92 0.00 0.000 33 
15:57:23.366 15:57:23.366  GPGGA 225739.000 3750.6690000 -12217.8627000 1 18 0.00 5.91 0.00 0.000 39 
15:57:24.359 15:57:24.359  GPGGA 225740.000 3750.6714000 -12217.8632000 1 18 0.00 5.14 0.00 0.000 33 
15:57:25.359 15:57:25.360  GPGGA 225741.000 3750.6726000 -12217.8634000 1 18 0.00 5.45 0.00 0.000 31 
15:57:26.375 15:57:26.375  GPGGA 225742.000 3750.6745000 -12217.8638000 1 18 0.00 4.94 0.00 0.000 36 
15:57:27.363 15:57:27.363  GPGGA 225743.000 3750.6770000 -12217.8644000 1 18 0.00 4.30 0.00 0.000 34 
15:57:28.367 15:57:28.367  GPGGA 225744.000 3750.6800000 -12217.8650000 1 18 0.00 3.72 0.00 0.000 3 
15:57:29.365 15:57:29.365  GPGGA 225745.000 3750.6833000 -12217.8657000 1 18 0.00 3.15 0.00 0.000 38 
15:57:30.370 15:57:30.370  GPGGA 225746.000 3750.6868000 -12217.8664000 1 18 0.00 2.80 0.00 0.000 38 
15:57:31.367 15:57:31.367  GPGGA 225747.000 3750.6902000 -12217.8671000 1 18 0.00 2.69 0.00 0.000 37 
15:57:32.368 15:57:32.368  GPGGA 225748.000 3750.6938000 -12217.8679000 1 18 0.00 2.45 0.00 0.000 37 
15:57:33.368 15:57:33.368  GPGGA 225749.000 3750.6974000 -12217.8686000 1 18 0.00 2.35 0.00 0.000 39 
15:57:34.379 15:57:34.379  GPGGA 225750.000 3750.7010000 -12217.8694000 1 18 0.00 2.48 0.00 0.000 32 
15:57:35.370 15:57:35.370  GPGGA 225751.000 3750.7044000 -12217.8701000 1 18 0.00 2.70 0.00 0.000 34 
15:57:36.367 15:57:36.367  GPGGA 225752.000 3750.7076000 -12217.8708000 1 18 0.00 3.04 0.00 0.000 3 
15:57:37.372 15:57:37.372  GPGGA 225753.000 3750.7106000 -12217.8715000 1 18 0.00 3.23 0.00 0.000 33 
15:57:38.369 15:57:38.369  GPGGA 225754.000 3750.7140000 -12217.8723000 1 18 0.00 2.74 0.00 0.000 30 
15:57:39.375 15:57:39.375  GPGGA 225755.000 3750.7178000 -12217.8732000 1 18 0.00 2.07 0.00 0.000 3 
15:57:40.373 15:57:40.373  GPGGA 225756.000 3750.7217000 -12217.8741000 1 18 0.00 2.00 0.00 0.000 34 
15:57:41.377 15:57:41.377  GPGGA 225757.000 3750.7254000 -12217.8749000 1 18 0.00 2.03 0.00 0.000 39 
15:57:42.367 15:57:42.367  GPGGA 225758.000 3750.7296000 -12217.8758000 1 18 0.00 1.35 0.00 0.000 3 
15:57:43.365 15:57:43.366  GPGGA 225759.000 3750.7333000 -12217.8766000 1 18 0.00 2.14 0.00 0.000 3 
15:57:44.367 15:57:44.367  GPGGA 225800.000 3750.7367000 -12217.8774000 1 18 0.00 2.72 0.00 0.000 3 
15:57:45.367 15:57:45.367  GPGGA 225801.000 3750.7392000 -12217.8779000 1 18 0.00 3.89 0.00 0.000 3 
15:57:46.370 15:57:46.370  GPGGA 225802.000 3750.7413000 -12217.8784000 1 18 0.00 4.62 0.00 0.000 33 
15:57:47.367 15:57:47.367  GPGGA 225803.000 3750.7442000 -12217.8789000 1 18 0.00 3.71 0.00 0.000 3 
15:57:48.379 15:57:48.379  GPGGA 225804.000 3750.7480000 -12217.8797000 1 18 0.00 2.54 0.00 0.000 3 
15:57:49.379 15:57:49.379  GPGGA 225805.000 3750.7526000 -12217.8806000 1 18 0.00 1.34 0.00 0.000 30 
15:57:50.366 15:57:50.366  GPGGA 225806.000 3750.7574000 -12217.8816000 1 18 0.00 0.72 0.00 0.000 36 
15:57:51.366 15:57:51.366  GPGGA 225807.000 3750.7622000 -12217.8826000 1 18 0.00 0.64 0.00 0.000 33 
15:57:52.372 15:57:52.372  GPGGA 225808.000 3750.7670000 -12217.8836000 1 17 0.00 0.47 0.00 0.000 34 
15:57:53.366 15:57:53.366  GPGGA 225809.000 3750.7720000 -12217.8847000 1 17 0.00 0.21 0.00 0.000 37 
15:57:54.365 15:57:54.365  GPGGA 225810.000 3750.7765000 -12217.8857000 1 18 0.00 1.08 0.00 0.000 3 
15:57:55.373 15:57:55.373  GPGGA 225811.000 3750.7805000 -12217.8866000 1 18 0.00 1.82 0.00 0.000 32 
15:57:56.364 15:57:56.364  GPGGA 225812.000 3750.7846000 -12217.8875000 1 18 0.00 2.12 0.00 0.000 3 
15:57:57.374 15:57:57.374  GPGGA 225813.000 3750.7884000 -12217.8883000 1 18 0.00 2.58 0.00 0.000 36 
15:57:58.367 15:57:58.367  GPGGA 225814.000 3750.7919000 -12217.8891000 1 18 0.00 3.26 0.00 0.000 3 
15:57:59.364 15:57:59.365  GPGGA 225815.000 3750.7951000 -12217.8899000 1 18 0.00 3.68 0.00 0.000 30 
15:58:00.371 15:58:00.371  GPGGA 225816.000 3750.7983000 -12217.8906000 1 18 0.00 3.85 0.00 0.000 38 
15:58:01.385 15:58:01.385  GPGGA 225817.000 3750.8014000 -12217.8914000 1 17 0.00 3.83 0.00 0.000 3 
15:58:02.373 15:58:02.373  GPGGA 225818.000 3750.8047000 -12217.8922000 1 18 0.00 3.76 0.00 0.000 32 
15:58:03.384 15:58:03.384  GPGGA 225819.000 3750.8078000 -12217.8929000 1 18 0.00 3.81 0.00 0.000 3 
15:58:04.365 15:58:04.365  GPGGA 225820.000 3750.8109000 -12217.8937000 1 18 0.00 3.79 0.00 0.000 39 
15:58:05.383 15:58:05.383  GPGGA 225821.000 3750.8141000 -12217.8945000 1 18 0.00 3.72 0.00 0.000 3 
15:58:06.369 15:58:06.369  GPGGA 225822.000 3750.8172000 -12217.8952000 1 18 0.00 3.75 0.00 0.000 38 
15:58:07.367 15:58:07.367  GPGGA 225823.000 3750.8205000 -12217.8959000 1 18 0.00 3.54 0.00 0.000 32 
15:58:08.367 15:58:08.367  GPGGA 225824.000 3750.8239000 -12217.8967000 1 18 0.00 3.32 0.00 0.000 37 
15:58:09.380 15:58:09.380  GPGGA 225825.000 3750.8273000 -12217.8975000 1 17 0.00 3.26 0.00 0.000 31 
15:58:10.376 15:58:10.376  GPGGA 225826.000 3750.8305000 -12217.8983000 1 16 0.00 3.35 0.00 0.000 38 
15:58:11.376 15:58:11.376  GPGGA 225827.000 3750.8336000 -12217.8990000 1 16 0.00 3.49 0.00 0.000 30 
15:58:12.380 15:58:12.380  GPGGA 225828.000 3750.8371000 -12217.8998000 1 16 0.00 3.32 0.00 0.000 38 
15:58:13.367 15:58:13.367  GPGGA 225829.000 3750.8412000 -12217.9008000 1 18 0.00 2.37 0.00 0.000 30 
15:58:14.364 15:58:14.364  GPGGA 225830.000 3750.8456000 -12217.9018000 1 18 0.00 1.46 0.00 0.000 3 
15:58:15.376 15:58:15.376  GPGGA 225831.000 3750.8504000 -12217.9029000 1 18 0.00 0.55 0.00 0.000 3 
15:58:16.363 15:58:16.363  GPGGA 225832.000 3750.8555000 -12217.9041000 1 18 0.00 0.02 0.00 0.000 31 
15:58:17.368 15:58:17.368  GPGGA 225833.000 3750.8605000 -12217.9052000 1 18 0.00 0.03 0.00 0.000 35 
15:58:18.374 15:58:18.374  GPGGA 225834.000 3750.8647000 -12217.9062000 1 18 0.00 1.32 0.00 0.000 34 
15:58:19.376 15:58:19.376  GPGGA 225835.000 3750.8692000 -12217.9073000 1 18 0.00 1.07 0.00 0.000 3 
15:58:20.374 15:58:20.374  GPGGA 225836.000 3750.8741000 -12217.9085000 1 18 0.00 0.56 0.00 0.000 3 
15:58:21.375 15:58:21.375  GPGGA 225837.000 3750.8793000 -12217.9098000 1 18 0.00 0.08 0.00 0.000 32 
15:58:22.363 15:58:22.363  GPGGA 225838.000 3750.8845000 -12217.9112000 1 18 0.00 0.03 0.00 0.000 31 
15:58:23.374 15:58:23.374  GPGGA 225839.000 3750.8895000 -12217.9124000 1 18 0.00 0.31 0.00 0.000 39 
15:58:24.388 15:58:24.388  GPGGA 225840.000 3750.8942000 -12217.9136000 1 18 0.00 0.95 0.00 0.000 31 
15:58:25.380 15:58:25.380  GPGGA 225841.000 3750.8988000 -12217.9147000 1 18 0.00 1.38 0.00 0.000 36 
15:58:26.367 15:58:26.367  GPGGA 225842.000 3750.9031000 -12217.9157000 1 17 0.00 1.76 0.00 0.000 3 
15:58:27.379 15:58:27.379  GPGGA 225843.000 3750.9075000 -12217.9168000 1 18 0.00 2.04 0.00 0.000 3 
15:58:28.367 15:58:28.367  GPGGA 225844.000 3750.9116000 -12217.9177000 1 18 0.00 2.36 0.00 0.000 33 
15:58:29.368 15:58:29.368  GPGGA 225845.000 3750.9156000 -12217.9187000 1 18 0.00 2.88 0.00 0.000 3 
15:58:30.378 15:58:30.378  GPGGA 225846.000 3750.9191000 -12217.9195000 1 19 0.00 3.54 0.00 0.000 36 
15:58:31.366 15:58:31.366  GPGGA 225847.000 3750.9225000 -12217.9203000 1 19 0.00 3.97 0.00 0.000 38 
15:58:32.385 15:58:32.385  GPGGA 225848.000 3750.9259000 -12217.9211000 1 19 0.00 4.08 0.00 0.000 3 
15:58:33.375 15:58:33.375  GPGGA 225849.000 3750.9293000 -12217.9218000 1 18 0.00 4.04 0.00 0.000 3 
15:58:34.381 15:58:34.381  GPGGA 225850.000 3750.9328000 -12217.9226000 1 18 0.00 3.96 0.00 0.000 35 
15:58:35.367 15:58:35.367  GPGGA 225851.000 3750.9365000 -12217.9233000 1 19 0.00 3.66 0.00 0.000 37 
15:58:36.366 15:58:36.366  GPGGA 225852.000 3750.9399000 -12217.9242000 1 16 0.00 3.55 0.00 0.000 3 
15:58:37.387 15:58:37.387  GPGGA 225853.000 3750.9441000 -12217.9251000 1 18 0.00 3.07 0.00 0.000 36 
15:58:38.370 15:58:38.370  GPGGA 225854.000 3750.9480000 -12217.9260000 1 19 0.00 3.12 0.00 0.000 3 
15:58:39.368 15:58:39.368  GPGGA 225855.000 3750.9514000 -12217.9267000 1 19 0.00 3.72 0.00 0.000 37 
15:58:40.386 15:58:40.386  GPGGA 225856.000 3750.9549000 -12217.9275000 1 19 0.00 3.83 0.00 0.000 31 
15:58:41.367 15:58:41.367  GPGGA 225857.000 3750.9586000 -12217.9283000 1 19 0.00 3.44 0.00 0.000 31 
15:58:42.375 15:58:42.375  GPGGA 225858.000 3750.9626000 -12217.9292000 1 19 0.00 2.80 0.00 0.000 3 
15:58:43.369 15:58:43.369  GPGGA 225859.000 3750.9669000 -12217.9302000 1 19 0.00 2.43 0.00 0.000 33 
15:58:44.380 15:58:44.380  GPGGA 225900.000 3750.9710000 -12217.9312000 1 19 0.00 2.45 0.00 0.000 36 
15:58:45.367 15:58:45.367  GPGGA 225901.000 3750.9754000 -12217.9322000 1 19 0.00 2.24 0.00 0.000 33 
15:58:46.380 15:58:46.380  GPGGA 225902.000 3750.9801000 -12217.9334000 1 19 0.00 1.49 0.00 0.000 30 
15:58:47.374 15:58:47.374  GPGGA 225903.000 3750.9853000 -12217.9346000 1 19 0.00 0.87 0.00 0.000 30 
15:58:48.370 15:58:48.370  GPGGA 225904.000 3750.9906000 -12217.9359000 1 19 0.00 0.59 0.00 0.000 3 
15:58:49.387 15:58:49.387  GPGGA 225905.000 3750.9962000 -12217.9373000 1 19 0.00 -0.07 0.00 0.000 16 
15:58:50.377 15:58:50.377  GPGGA 225906.000 3751.0024000 -12217.9392000 1 19 0.00 -0.99 0.00 0.000 1 
15:58:51.376 15:58:51.376  GPGGA 225907.000 3751.0092000 -12217.9413000 1 19 0.00 -2.10 0.00 0.000 1 
15:58:52.380 15:58:52.380  GPGGA 225908.000 3751.0166000 -12217.9435000 1 19 0.00 -3.38 0.00 0.000 15 
15:58:53.380 15:58:53.380  GPGGA 225909.000 3751.0253000 -12217.9457000 1 18 0.00 -5.21 0.00 0.000 1 
15:58:54.376 15:58:54.376  GPGGA 225910.000 3751.0339000 -12217.9478000 1 19 0.00 -4.93 0.00 0.000 1 
15:58:55.381 15:58:55.381  GPGGA 225911.000 3751.0422000 -12217.9500000 1 19 0.00 -3.85 0.00 0.000 19 
15:58:56.368 15:58:56.368  GPGGA 225912.000 3751.0532000 -12217.9529000 1 19 0.00 -4.44 0.00 0.000 1 
15:58:57.484 15:58:57.484  GPGGA 225913.000 3751.0466000 -12217.9513000 1 19 0.00 -4.24 0.00 0.000 15 
15:58:58.381 15:58:58.381  GPGGA 225913.000 3751.0543000 -12217.9533000 1 19 0.00 -4.68 0.00 0.000 19 
15:58:59.475 15:58:59.475  GPGGA 225915.000 3751.0889000 -12217.9622000 1 5 0.00 -6.97 0.00 0.000 18 
15:59:00.369 15:59:00.369  GPGGA 225916.000 3751.0931000 -12217.9632000 1 6 0.00 -4.75 0.00 0.000 15 
15:59:01.380 15:59:01.380  GPGGA 225917.000 3751.0936000 -12217.9639000 1 9 0.00 -0.33 0.00 0.000 11 
15:59:02.368 15:59:02.368  GPGGA 225918.000 3751.0984000 -12217.9653000 1 8 0.00 1.26 0.00 0.000 32 
15:59:03.378 15:59:03.378  GPGGA 225919.000 3751.1026000 -12217.9664000 1 11 0.00 2.92 0.00 0.000 33 
15:59:04.369 15:59:04.369  GPGGA 225920.000 3751.1074000 -12217.9678000 1 14 0.00 4.19 0.00 0.000 33 
15:59:05.368 15:59:05.368  GPGGA 225921.000 3751.1122000 -12217.9691000 1 12 0.00 5.15 0.00 0.000 3 
15:59:06.379 15:59:06.379  GPGGA 225922.000 3751.1165000 -12217.9702000 1 13 0.00 6.20 0.00 0.000 33 
15:59:07.379 15:59:07.379  GPGGA 225923.000 3751.1207000 -12217.9713000 1 13 0.00 7.08 0.00 0.000 3 
15:59:08.374 15:59:08.374  GPGGA 225924.000 3751.1246000 -12217.9723000 1 12 0.00 7.95 0.00 0.000 3 
15:59:09.368 15:59:09.368  GPGGA 225925.000 3751.1091000 -12217.9673000 1 11 0.00 0.99 0.00 0.000 3 
15:59:10.379 15:59:10.379  GPGGA 225926.000 3751.1131000 -12217.9683000 1 19 0.00 1.16 0.00 0.000 36 
15:59:11.368 15:59:11.368  GPGGA 225927.000 3751.1170000 -12217.9692000 1 19 0.00 1.27 0.00 0.000 30 
15:59:12.375 15:59:12.375  GPGGA 225928.000 3751.1211000 -12217.9702000 1 19 0.00 1.19 0.00 0.000 3 
15:59:13.378 15:59:13.378  GPGGA 225929.000 3751.1260000 -12217.9713000 1 19 0.00 0.69 0.00 0.000 3 
15:59:14.369 15:59:14.369  GPGGA 225930.000 3751.1312000 -12217.9727000 1 19 0.00 0.38 0.00 0.000 30 
15:59:15.379 15:59:15.379  GPGGA 225931.000 3751.1367000 -12217.9741000 1 19 0.00 0.07 0.00 0.000 3 
15:59:16.375 15:59:16.375  GPGGA 225932.000 3751.1427000 -12217.9757000 1 19 0.00 -0.46 0.00 0.000 10 
15:59:17.378 15:59:17.378  GPGGA 225933.000 3751.1492000 -12217.9774000 1 19 0.00 -1.00 0.00 0.000 1 
15:59:18.368 15:59:18.368  GPGGA 225934.000 3751.1561000 -12217.9792000 1 18 0.00 -1.64 0.00 0.000 1 
15:59:19.379 15:59:19.379  GPGGA 225935.000 3751.1635000 -12217.9811000 1 19 0.00 -2.16 0.00 0.000 1 
15:59:20.376 15:59:20.376  GPGGA 225936.000 3751.1712000 -12217.9831000 1 18 0.00 -2.50 0.00 0.000 1 
15:59:21.366 15:59:21.366  GPGGA 225937.000 3751.1790000 -12217.9852000 1 19 0.00 -2.54 0.00 0.000 11 
15:59:22.379 15:59:22.379  GPGGA 225938.000 3751.1872000 -12217.9875000 1 19 0.00 -2.97 0.00 0.000 17 
15:59:23.377 15:59:23.377  GPGGA 225939.000 3751.1958000 -12217.9899000 1 19 0.00 -3.24 0.00 0.000 14 
15:59:24.370 15:59:24.370  GPGGA 225940.000 3751.2045000 -12217.9923000 1 19 0.00 -3.34 0.00 0.000 1 
15:59:25.380 15:59:25.380  GPGGA 225941.000 3751.2134000 -12217.9948000 1 19 0.00 -3.12 0.00 0.000 12 
15:59:26.385 15:59:26.385  GPGGA 225942.000 3751.2220000 -12217.9972000 1 19 0.00 -2.64 0.00 0.000 1 
15:59:27.381 15:59:27.381  GPGGA 225943.000 3751.2305000 -12217.9996000 1 19 0.00 -2.16 0.00 0.000 16 
15:59:28.404 15:59:28.404  GPGGA 225944.000 3751.2389000 -12218.0020000 1 19 0.00 -1.65 0.00 0.000 10 
15:59:29.375 15:59:29.375  GPGGA 225945.000 3751.2469000 -12218.0042000 1 19 0.00 -0.88 0.00 0.000 1 
15:59:30.381 15:59:30.381  GPGGA 225946.000 3751.2545000 -12218.0063000 1 19 0.00 0.04 0.00 0.000 38 
15:59:31.373 15:59:31.373  GPGGA 225947.000 3751.2616000 -12218.0083000 1 19 0.00 1.02 0.00 0.000 35 
15:59:32.386 15:59:32.386  GPGGA 225948.000 3751.2683000 -12218.0101000 1 19 0.00 1.68 0.00 0.000 31 
15:59:33.387 15:59:33.387  GPGGA 225949.000 3751.2747000 -12218.0119000 1 19 0.00 2.57 0.00 0.000 3 
15:59:34.386 15:59:34.386  GPGGA 225950.000 3751.2804000 -12218.0135000 1 19 0.00 3.48 0.00 0.000 3 
15:59:35.387 15:59:35.387  GPGGA 225951.000 3751.2859000 -12218.0150000 1 19 0.00 4.02 0.00 0.000 3 
15:59:36.380 15:59:36.380  GPGGA 225952.000 3751.2910000 -12218.0164000 1 19 0.00 4.66 0.00 0.000 37 
15:59:37.387 15:59:37.388  GPGGA 225953.000 3751.2959000 -12218.0177000 1 19 0.00 5.21 0.00 0.000 3 
15:59:38.368 15:59:38.368  GPGGA 225954.000 3751.3004000 -12218.0188000 1 18 0.00 5.77 0.00 0.000 3 
15:59:39.384 15:59:39.384  GPGGA 225955.000 3751.3047000 -12218.0199000 1 18 0.00 6.26 0.00 0.000 3 
15:59:40.374 15:59:40.374  GPGGA 225956.000 3751.3084000 -12218.0209000 1 19 0.00 6.84 0.00 0.000 30 
15:59:41.380 15:59:41.380  GPGGA 225957.000 3751.3120000 -12218.0220000 1 19 0.00 7.02 0.00 0.000 3 
15:59:42.380 15:59:42.380  GPGGA 225958.000 3751.3153000 -12218.0230000 1 19 0.00 7.24 0.00 0.000 34 
15:59:43.379 15:59:43.379  GPGGA 225959.000 3751.3183000 -12218.0240000 1 19 0.00 7.33 0.00 0.000 39 
15:59:44.386 15:59:44.386  GPGGA 230000.000 3751.3214000 -12218.0249000 1 19 0.00 7.13 0.00 0.000 3 
15:59:45.369 15:59:45.370  GPGGA 230001.000 3751.3245000 -12218.0258000 1 19 0.00 7.01 0.00 0.000 38 
15:59:46.378 15:59:46.378  GPGGA 230002.000 3751.3268000 -12218.0265000 1 19 0.00 7.81 0.00 0.000 32 
15:59:47.385 15:59:47.385  GPGGA 230003.000 3751.3284000 -12218.0270000 1 19 0.00 8.52 0.00 0.000 34 
15:59:48.387 15:59:48.387  GPGGA 230004.000 3751.3297000 -12218.0273000 1 18 0.00 8.87 0.00 0.000 3 
15:59:49.373 15:59:49.373  GPGGA 230005.000 3751.3304000 -12218.0274000 1 18 0.00 8.98 0.00 0.000 38 
15:59:50.385 15:59:50.385  GPGGA 230006.000 3751.3319000 -12218.0278000 1 19 0.00 8.05 0.00 0.000 3 
15:59:51.387 15:59:51.387  GPGGA 230007.000 3751.3343000 -12218.0285000 1 19 0.00 7.04 0.00 0.000 3 
15:59:52.387 15:59:52.387  GPGGA 230008.000 3751.3367000 -12218.0291000 1 19 0.00 6.68 0.00 0.000 3 
15:59:53.385 15:59:53.385  GPGGA 230009.000 3751.3386000 -12218.0297000 1 19 0.00 6.83 0.00 0.000 36 
15:59:54.378 15:59:54.378  GPGGA 230010.000 3751.3403000 -12218.0302000 1 19 0.00 6.76 0.00 0.000 33 
15:59:55.380 15:59:55.380  GPGGA 230011.000 3751.3424000 -12218.0308000 1 19 0.00 6.27 0.00 0.000 39 
15:59:56.387 15:59:56.387  GPGGA 230012.000 3751.3452000 -12218.0315000 1 19 0.00 5.51 0.00 0.000 35 
15:59:57.386 15:59:57.386  GPGGA 230013.000 3751.3489000 -12218.0326000 1 19 0.00 4.14 0.00 0.000 32 
15:59:58.386 15:59:58.386  GPGGA 230014.000 3751.3540000 -12218.0340000 1 19 0.00 2.28 0.00 0.000 38 
15:59:59.375 15:59:59.375  GPGGA 230015.000 3751.3598000 -12218.0356000 1 19 0.00 0.68 0.00 0.000 3 
16:00:00.379 16:00:00.379  GPGGA 230016.000 3751.3661000 -12218.0374000 1 19 0.00 -0.65 0.00 0.000 1 
16:00:01.383 16:00:01.383  GPGGA 230017.000 3751.3730000 -12218.0393000 1 19 0.00 -1.79 0.00 0.000 1 
16:00:02.373 16:00:02.373  GPGGA 230018.000 3751.3805000 -12218.0414000 1 18 0.00 -2.87 0.00 0.000 17 
16:00:03.373 16:00:03.373  GPGGA 230019.000 3751.3884000 -12218.0435000 1 19 0.00 -3.40 0.00 0.000 17 
16:00:04.376 16:00:04.376  GPGGA 230020.000 3751.3962000 -12218.0457000 1 19 0.00 -3.56 0.00 0.000 17 
16:00:05.379 16:00:05.379  GPGGA 230021.000 3751.4048000 -12218.0481000 1 19 0.00 -4.53 0.00 0.000 19 
16:00:06.379 16:00:06.379  GPGGA 230022.000 3751.4140000 -12218.0505000 1 18 0.00 -5.67 0.00 0.000 19 
16:00:07.381 16:00:07.381  GPGGA 230023.000 3751.4244000 -12218.0532000 1 19 0.00 -7.33 0.00 0.000 19 
16:00:08.379 16:00:08.379  GPGGA 230024.000 3751.4354000 -12218.0562000 1 19 0.00 -8.51 0.00 0.000 10 
16:00:09.375 16:00:09.375  GPGGA 230025.000 3751.4467000 -12218.0594000 1 19 0.00 -8.65 0.00 0.000 18 
16:00:10.379 16:00:10.379  GPGGA 230026.000 3751.4580000 -12218.0626000 1 19 0.00 -8.23 0.00 0.000 1 
16:00:11.379 16:00:11.379  GPGGA 230027.000 3751.4690000 -12218.0657000 1 19 0.00 -7.42 0.00 0.000 16 
16:00:12.379 16:00:12.379  GPGGA 230028.000 3751.4800000 -12218.0688000 1 19 0.00 -6.79 0.00 0.000 15 
16:00:13.389 16:00:13.389  GPGGA 230029.000 3751.4910000 -12218.0719000 1 19 0.00 -6.50 0.00 0.000 16 
16:00:14.373 16:00:14.373  GPGGA 230030.000 3751.5024000 -12218.0750000 1 19 0.00 -6.55 0.00 0.000 19 
16:00:15.386 16:00:15.386  GPGGA 230031.000 3751.5143000 -12218.0783000 1 19 0.00 -6.90 0.00 0.000 1 
16:00:16.383 16:00:16.383  GPGGA 230032.000 3751.5267000 -12218.0818000 1 19 0.00 -7.41 0.00 0.000 19 
16:00:17.379 16:00:17.379  GPGGA 230033.000 3751.5395000 -12218.0853000 1 19 0.00 -7.53 0.00 0.000 18 
16:00:18.384 16:00:18.384  GPGGA 230034.000 3751.5523000 -12218.0889000 1 19 0.00 -7.24 0.00 0.000 13 
16:00:19.379 16:00:19.379  GPGGA 230035.000 3751.5649000 -12218.0924000 1 19 0.00 -6.40 0.00 0.000 18 
16:00:20.374 16:00:20.374  GPGGA 230036.000 3751.5770000 -12218.0958000 1 19 0.00 -5.42 0.00 0.000 1 
16:00:21.390 16:00:21.390  GPGGA 230037.000 3751.5886000 -12218.0991000 1 19 0.00 -4.31 0.00 0.000 1 
16:00:22.385 16:00:22.385  GPGGA 230038.000 3751.5999000 -12218.1022000 1 19 0.00 -3.45 0.00 0.000 19 
16:00:23.374 16:00:23.374  GPGGA 230039.000 3751.6109000 -12218.1053000 1 19 0.00 -2.62 0.00 0.000 18 
16:00:24.388 16:00:24.388  GPGGA 230040.000 3751.6217000 -12218.1083000 1 19 0.00 -2.00 0.00 0.000 13 
16:00:25.382 16:00:25.382  GPGGA 230041.000 3751.6324000 -12218.1112000 1 19 0.00 -1.52 0.00 0.000 1 
16:00:26.387 16:00:26.387  GPGGA 230042.000 3751.6429000 -12218.1141000 1 19 0.00 -1.05 0.00 0.000 13 
16:00:27.385 16:00:27.385  GPGGA 230043.000 3751.6536000 -12218.1171000 1 19 0.00 -1.02 0.00 0.000 19 
16:00:28.376 16:00:28.376  GPGGA 230044.000 3751.6645000 -12218.1202000 1 19 0.00 -1.20 0.00 0.000 1 
16:00:29.385 16:00:29.385  GPGGA 230045.000 3751.6757000 -12218.1233000 1 19 0.00 -1.47 0.00 0.000 1 
16:00:30.382 16:00:30.382  GPGGA 230046.000 3751.6868000 -12218.1265000 1 19 0.00 -1.43 0.00 0.000 19 
16:00:31.379 16:00:31.379  GPGGA 230047.000 3751.6979000 -12218.1296000 1 19 0.00 -1.16 0.00 0.000 15 
16:00:32.373 16:00:32.373  GPGGA 230048.000 3751.7088000 -12218.1327000 1 19 0.00 -0.87 0.00 0.000 1 
16:00:33.376 16:00:33.376  GPGGA 230049.000 3751.7199000 -12218.1358000 1 19 0.00 -0.86 0.00 0.000 17 
16:00:34.386 16:00:34.386  GPGGA 230050.000 3751.7310000 -12218.1389000 1 19 0.00 -0.85 0.00 0.000 13 
16:00:35.390 16:00:35.390  GPGGA 230051.000 3751.7421000 -12218.1420000 1 19 0.00 -0.58 0.00 0.000 13 
16:00:36.385 16:00:36.385  GPGGA 230052.000 3751.7532000 -12218.1450000 1 19 0.00 -0.44 0.00 0.000 19 
16:00:37.381 16:00:37.381  GPGGA 230053.000 3751.7644000 -12218.1481000 1 19 0.00 -0.34 0.00 0.000 11 
16:00:38.385 16:00:38.385  GPGGA 230054.000 3751.7758000 -12218.1513000 1 19 0.00 -0.53 0.00 0.000 11 
16:00:39.388 16:00:39.388  GPGGA 230055.000 3751.7878000 -12218.1548000 1 19 0.00 -1.23 0.00 0.000 15 
16:00:40.376 16:00:40.376  GPGGA 230056.000 3751.7998000 -12218.1582000 1 19 0.00 -1.35 0.00 0.000 18 
16:00:41.386 16:00:41.386  GPGGA 230057.000 3751.8119000 -12218.1616000 1 18 0.00 -1.37 0.00 0.000 1 
16:00:42.384 16:00:42.384  GPGGA 230058.000 3751.8242000 -12218.1651000 1 19 0.00 -1.49 0.00 0.000 13 
16:00:43.382 16:00:43.382  GPGGA 230059.000 3751.8366000 -12218.1687000 1 18 0.00 -1.71 0.00 0.000 14 
16:00:44.384 16:00:44.384  GPGGA 230100.000 3751.8491000 -12218.1723000 1 19 0.00 -1.87 0.00 0.000 11 
16:00:45.371 16:00:45.371  GPGGA 230101.000 3751.8621000 -12218.1760000 1 19 0.00 -2.44 0.00 0.000 12 
16:00:46.378 16:00:46.378  GPGGA 230102.000 3751.8750000 -12218.1796000 1 19 0.00 -2.60 0.00 0.000 19 
16:00:47.381 16:00:47.381  GPGGA 230103.000 3751.8880000 -12218.1833000 1 18 0.00 -2.62 0.00 0.000 19 
16:00:48.382 16:00:48.382  GPGGA 230104.000 3751.9008000 -12218.1869000 1 18 0.00 -2.14 0.00 0.000 19 
16:00:49.389 16:00:49.389  GPGGA 230105.000 3751.9136000 -12218.1905000 1 19 0.00 -1.97 0.00 0.000 16 
16:00:50.379 16:00:50.379  GPGGA 230106.000 3751.9264000 -12218.1942000 1 18 0.00 -1.83 0.00 0.000 16 
16:00:51.387 16:00:51.387  GPGGA 230107.000 3751.9392000 -12218.1978000 1 19 0.00 -1.44 0.00 0.000 1 
16:00:52.383 16:00:52.383  GPGGA 230108.000 3751.9517000 -12218.2015000 1 19 0.00 -0.94 0.00 0.000 15 
16:00:53.378 16:00:53.378  GPGGA 230109.000 3751.9642000 -12218.2052000 1 17 0.00 -0.44 0.00 0.000 17 
16:00:54.378 16:00:54.378  GPGGA 230110.000 3751.9766000 -12218.2090000 1 17 0.00 0.09 0.00 0.000 32 
16:00:55.380 16:00:55.380  GPGGA 230111.000 3751.9889000 -12218.2126000 1 19 0.00 0.94 0.00 0.000 3 
16:00:56.383 16:00:56.383  GPGGA 230112.000 3752.0011000 -12218.2162000 1 18 0.00 1.35 0.00 0.000 30 
16:00:57.388 16:00:57.388  GPGGA 230113.000 3752.0130000 -12218.2198000 1 14 0.00 1.82 0.00 0.000 36 
16:00:58.379 16:00:58.379  GPGGA 230114.000 3752.0252000 -12218.2234000 1 14 0.00 1.90 0.00 0.000 30 
16:00:59.384 16:00:59.384  GPGGA 230115.000 3752.0370000 -12218.2270000 1 17 0.00 2.09 0.00 0.000 30 
16:01:00.374 16:01:00.374  GPGGA 230116.000 3752.0490000 -12218.2304000 1 17 0.00 2.36 0.00 0.000 34 
16:01:01.384 16:01:01.384  GPGGA 230117.000 3752.0609000 -12218.2340000 1 17 0.00 2.33 0.00 0.000 32 
16:01:02.378 16:01:02.378  GPGGA 230118.000 3752.0727000 -12218.2375000 1 17 0.00 2.46 0.00 0.000 34 
16:01:03.373 16:01:03.373  GPGGA 230119.000 3752.0845000 -12218.2409000 1 17 0.00 2.47 0.00 0.000 33 
16:01:04.391 16:01:04.391  GPGGA 230120.000 3752.0963000 -12218.2445000 1 17 0.00 2.46 0.00 0.000 35 
16:01:05.387 16:01:05.387  GPGGA 230121.000 3752.1081000 -12218.2480000 1 17 0.00 2.47 0.00 0.000 38 
16:01:06.383 16:01:06.383  GPGGA 230122.000 3752.1199000 -12218.2516000 1 17 0.00 2.53 0.00 0.000 38 
16:01:07.387 16:01:07.387  GPGGA 230123.000 3752.1316000 -12218.2552000 1 17 0.00 2.56 0.00 0.000 39 
16:01:08.378 16:01:08.378  GPGGA 230124.000 3752.1433000 -12218.2589000 1 17 0.00 2.66 0.00 0.000 3 
16:01:09.387 16:01:09.387  GPGGA 230125.000 3752.1545000 -12218.2623000 1 17 0.00 3.48 0.00 0.000 34 
16:01:10.385 16:01:10.385  GPGGA 230126.000 3752.1658000 -12218.2659000 1 17 0.00 3.24 0.00 0.000 3 
16:01:11.399 16:01:11.399  GPGGA 230127.000 3752.1773000 -12218.2695000 1 17 0.00 3.25 0.00 0.000 37 
16:01:12.375 16:01:12.375  GPGGA 230128.000 3752.1885000 -12218.2730000 1 17 0.00 3.54 0.00 0.000 36 
16:01:13.390 16:01:13.390  GPGGA 230129.000 3752.1994000 -12218.2764000 1 17 0.00 3.75 0.00 0.000 34 
16:01:14.375 16:01:14.375  GPGGA 230130.000 3752.2107000 -12218.2799000 1 17 0.00 3.39 0.00 0.000 37 
16:01:15.384 16:01:15.384  GPGGA 230131.000 3752.2220000 -12218.2833000 1 17 0.00 3.17 0.00 0.000 33 
16:01:16.380 16:01:16.380  GPGGA 230132.000 3752.2333000 -12218.2868000 1 17 0.00 3.07 0.00 0.000 3 
16:01:17.375 16:01:17.375  GPGGA 230133.000 3752.2447000 -12218.2902000 1 17 0.00 3.01 0.00 0.000 32 
16:01:18.395 16:01:18.395  GPGGA 230134.000 3752.2561000 -12218.2937000 1 17 0.00 2.86 0.00 0.000 38 
16:01:19.387 16:01:19.387  GPGGA 230135.000 3752.2677000 -12218.2973000 1 17 0.00 2.79 0.00 0.000 3 
16:01:20.387 16:01:20.387  GPGGA 230136.000 3752.2792000 -12218.3009000 1 17 0.00 2.76 0.00 0.000 3 
16:01:21.387 16:01:21.387  GPGGA 230137.000 3752.2906000 -12218.3045000 1 17 0.00 2.83 0.00 0.000 3 
16:01:22.380 16:01:22.380  GPGGA 230138.000 3752.3021000 -12218.3081000 1 17 0.00 2.85 0.00 0.000 32 
16:01:23.387 16:01:23.387  GPGGA 230139.000 3752.3136000 -12218.3117000 1 17 0.00 2.86 0.00 0.000 39 
16:01:24.379 16:01:24.379  GPGGA 230140.000 3752.3249000 -12218.3153000 1 17 0.00 3.06 0.00 0.000 35 
16:01:25.385 16:01:25.385  GPGGA 230141.000 3752.3360000 -12218.3189000 1 17 0.00 3.29 0.00 0.000 34 
16:01:26.386 16:01:26.386  GPGGA 230142.000 3752.3472000 -12218.3224000 1 17 0.00 3.35 0.00 0.000 3 
16:01:27.382 16:01:27.382  GPGGA 230143.000 3752.3581000 -12218.3257000 1 17 0.00 3.70 0.00 0.000 33 
16:01:28.392 16:01:28.392  GPGGA 230144.000 3752.3690000 -12218.3291000 1 17 0.00 3.64 0.00 0.000 38 
16:01:29.389 16:01:29.389  GPGGA 230145.000 3752.3801000 -12218.3324000 1 17 0.00 3.53 0.00 0.000 34 
16:01:30.392 16:01:30.392  GPGGA 230146.000 3752.3912000 -12218.3357000 1 17 0.00 3.35 0.00 0.000 30 
16:01:31.391 16:01:31.391  GPGGA 230147.000 3752.4024000 -12218.3392000 1 17 0.00 3.14 0.00 0.000 30 
16:01:32.387 16:01:32.387  GPGGA 230148.000 3752.4135000 -12218.3427000 1 17 0.00 3.04 0.00 0.000 36 
16:01:33.385 16:01:33.385  GPGGA 230149.000 3752.4249000 -12218.3463000 1 17 0.00 2.77 0.00 0.000 3 
16:01:34.397 16:01:34.397  GPGGA 230150.000 3752.4364000 -12218.3499000 1 17 0.00 2.58 0.00 0.000 34 
16:01:35.378 16:01:35.378  GPGGA 230151.000 3752.4481000 -12218.3535000 1 17 0.00 2.31 0.00 0.000 31 
16:01:36.378 16:01:36.378  GPGGA 230152.000 3752.4599000 -12218.3573000 1 17 0.00 2.16 0.00 0.000 3 
16:01:37.395 16:01:37.395  GPGGA 230153.000 3752.4716000 -12218.3610000 1 17 0.00 2.22 0.00 0.000 38 
16:01:38.392 16:01:38.392  GPGGA 230154.000 3752.4837000 -12218.3647000 1 17 0.00 1.90 0.00 0.000 3 
16:01:39.387 16:01:39.387  GPGGA 230155.000 3752.4959000 -12218.3684000 1 17 0.00 1.47 0.00 0.000 36 
16:01:40.389 16:01:40.389  GPGGA 230156.000 3752.5083000 -12218.3721000 1 17 0.00 1.19 0.00 0.000 3 
16:01:41.381 16:01:41.381  GPGGA 230157.000 3752.5208000 -12218.3760000 1 17 0.00 1.07 0.00 0.000 35 
16:01:42.377 16:01:42.377  GPGGA 230158.000 3752.5335000 -12218.3800000 1 17 0.00 0.91 0.00 0.000 32 
16:01:43.380 16:01:43.380  GPGGA 230159.000 3752.5462000 -12218.3840000 1 17 0.00 0.80 0.00 0.000 32 
16:01:44.381 16:01:44.381  GPGGA 230200.000 3752.5595000 -12218.3882000 1 17 0.00 0.41 0.00 0.000 37 
16:01:45.381 16:01:45.381  GPGGA 230201.000 3752.5733000 -12218.3926000 1 16 0.00 0.04 0.00 0.000 37 
16:01:46.394 16:01:46.394  GPGGA 230202.000 3752.5879000 -12218.3971000 1 16 0.00 -0.22 0.00 0.000 1 
16:01:47.390 16:01:47.390  GPGGA 230203.000 3752.6030000 -12218.4015000 1 16 0.00 -0.35 0.00 0.000 13 
16:01:48.389 16:01:48.389  GPGGA 230204.000 3752.6186000 -12218.4057000 1 16 0.00 -0.39 0.00 0.000 12 
16:01:49.384 16:01:49.384  GPGGA 230205.000 3752.6344000 -12218.4096000 1 16 0.00 0.34 0.00 0.000 32 
16:01:50.383 16:01:50.383  GPGGA 230206.000 3752.6491000 -12218.4135000 1 16 0.00 1.96 0.00 0.000 3 
16:01:51.385 16:01:51.385  GPGGA 230207.000 3752.6637000 -12218.4177000 1 16 0.00 2.58 0.00 0.000 37 
16:01:52.386 16:01:52.386  GPGGA 230208.000 3752.6786000 -12218.4221000 1 16 0.00 2.79 0.00 0.000 30 
16:01:53.394 16:01:53.394  GPGGA 230209.000 3752.6935000 -12218.4265000 1 16 0.00 3.09 0.00 0.000 31 
16:01:54.388 16:01:54.388  GPGGA 230210.000 3752.7077000 -12218.4305000 1 16 0.00 3.92 0.00 0.000 32 
16:01:55.383 16:01:55.383  GPGGA 230211.000 3752.7212000 -12218.4340000 1 16 0.00 4.82 0.00 0.000 35 
16:01:56.388 16:01:56.388  GPGGA 230212.000 3752.7342000 -12218.4371000 1 16 0.00 5.37 0.00 0.000 3 
16:01:57.400 16:01:57.400  GPGGA 230213.000 3752.7471000 -12218.4399000 1 18 0.00 5.65 0.00 0.000 36 
16:01:58.388 16:01:58.388  GPGGA 230214.000 3752.7599000 -12218.4427000 1 18 0.00 5.44 0.00 0.000 37 
16:01:59.391 16:01:59.391  GPGGA 230215.000 3752.7728000 -12218.4454000 1 18 0.00 5.25 0.00 0.000 3 
16:02:00.386 16:02:00.386  GPGGA 230216.000 3752.7854000 -12218.4482000 1 18 0.00 5.07 0.00 0.000 31 
16:02:01.385 16:02:01.385  GPGGA 230217.000 3752.7975000 -12218.4508000 1 18 0.00 5.27 0.00 0.000 33 
16:02:02.398 16:02:02.398  GPGGA 230218.000 3752.8089000 -12218.4534000 1 18 0.00 5.82 0.00 0.000 39 
16:02:03.389 16:02:03.389  GPGGA 230219.000 3752.8198000 -12218.4559000 1 18 0.00 6.37 0.00 0.000 3 
16:02:04.390 16:02:04.390  GPGGA 230220.000 3752.8303000 -12218.4582000 1 18 0.00 6.93 0.00 0.000 3 
16:02:05.394 16:02:05.394  GPGGA 230221.000 3752.8405000 -12218.4606000 1 18 0.00 7.12 0.00 0.000 3 
16:02:06.395 16:02:06.395  GPGGA 230222.000 3752.8508000 -12218.4629000 1 18 0.00 7.02 0.00 0.000 39 
16:02:07.387 16:02:07.387  GPGGA 230223.000 3752.8613000 -12218.4653000 1 18 0.00 6.66 0.00 0.000 3 
16:02:08.389 16:02:08.389  GPGGA 230224.000 3752.8715000 -12218.4676000 1 18 0.00 6.89 0.00 0.000 39 
16:02:09.387 16:02:09.387  GPGGA 230225.000 3752.8815000 -12218.4697000 1 17 0.00 6.86 0.00 0.000 38 
16:02:10.389 16:02:10.389  GPGGA 230226.000 3752.8920000 -12218.4720000 1 18 0.00 6.05 0.00 0.000 35 
16:02:11.396 16:02:11.396  GPGGA 230227.000 3752.9031000 -12218.4744000 1 18 0.00 5.15 0.00 0.000 3 
16:02:12.390 16:02:12.390  GPGGA 230228.000 3752.9144000 -12218.4770000 1 18 0.00 4.45 0.00 0.000 33 
16:02:13.388 16:02:13.388  GPGGA 230229.000 3752.9260000 -12218.4796000 1 18 0.00 3.90 0.00 0.000 30 
16:02:14.390 16:02:14.390  GPGGA 230230.000 3752.9381000 -12218.4823000 1 18 0.00 2.84 0.00 0.000 33 
16:02:15.397 16:02:15.397  GPGGA 230231.000 3752.9506000 -12218.4852000 1 18 0.00 2.35 0.00 0.000 37 
16:02:16.387 16:02:16.387  GPGGA 230232.000 3752.9625000 -12218.4878000 1 18 0.00 2.85 0.00 0.000 35 
16:02:17.385 16:02:17.385  GPGGA 230233.000 3752.9744000 -12218.4905000 1 18 0.00 2.96 0.00 0.000 3 
16:02:18.392 16:02:18.392  GPGGA 230234.000 3752.9860000 -12218.4930000 1 18 0.00 3.19 0.00 0.000 35 
16:02:19.396 16:02:19.396  GPGGA 230235.000 3752.9973000 -12218.4956000 1 17 0.00 3.77 0.00 0.000 30 
16:02:20.394 16:02:20.394  GPGGA 230236.000 3753.0081000 -12218.4981000 1 18 0.00 4.56 0.00 0.000 3 
16:02:21.382 16:02:21.382  GPGGA 230237.000 3753.0184000 -12218.5005000 1 17 0.00 5.07 0.00 0.000 35 
16:02:22.385 16:02:22.385  GPGGA 230238.000 3753.0286000 -12218.5028000 1 17 0.00 5.40 0.00 0.000 37 
16:02:23.399 16:02:23.399  GPGGA 230239.000 3753.0386000 -12218.5050000 1 17 0.00 5.66 0.00 0.000 3 
16:02:24.382 16:02:24.382  GPGGA 230240.000 3753.0483000 -12218.5072000 1 17 0.00 6.16 0.00 0.000 34 
16:02:25.387 16:02:25.387  GPGGA 230241.000 3753.0576000 -12218.5092000 1 17 0.00 6.64 0.00 0.000 35 
16:02:26.398 16:02:26.398  GPGGA 230242.000 3753.0664000 -12218.5110000 1 17 0.00 7.33 0.00 0.000 3 
16:02:27.389 16:02:27.389  GPGGA 230243.000 3753.0749000 -12218.5125000 1 17 0.00 7.82 0.00 0.000 3 
16:02:28.387 16:02:28.387  GPGGA 230244.000 3753.0831000 -12218.5138000 1 17 0.00 8.21 0.00 0.000 30 
16:02:29.385 16:02:29.385  GPGGA 230245.000 3753.0912000 -12218.5148000 1 17 0.00 8.36 0.00 0.000 30 
16:02:30.399 16:02:30.399  GPGGA 230246.000 3753.0990000 -12218.5158000 1 17 0.00 8.66 0.00 0.000 3 
16:02:31.387 16:02:31.387  GPGGA 230247.000 3753.1067000 -12218.5166000 1 17 0.00 8.79 0.00 0.000 3 
16:02:32.390 16:02:32.390  GPGGA 230248.000 3753.1146000 -12218.5176000 1 17 0.00 8.30 0.00 0.000 3 
16:02:33.398 16:02:33.398  GPGGA 230249.000 3753.1227000 -12218.5184000 1 17 0.00 8.07 0.00 0.000 32 
16:02:34.400 16:02:34.400  GPGGA 230250.000 3753.1302000 -12218.5193000 1 17 0.00 8.86 0.00 0.000 33 
16:02:35.399 16:02:35.399  GPGGA 230251.000 3753.1377000 -12218.5201000 1 17 0.00 8.62 0.00 0.000 32 
16:02:36.386 16:02:36.386  GPGGA 230252.000 3753.1461000 -12218.5210000 1 17 0.00 6.95 0.00 0.000 37 
16:02:37.390 16:02:37.390  GPGGA 230253.000 3753.1547000 -12218.5220000 1 16 0.00 5.49 0.00 0.000 33 
16:02:38.396 16:02:38.396  GPGGA 230254.000 3753.1659000 -12218.5232000 1 16 0.00 2.82 0.00 0.000 3 
16:02:39.400 16:02:39.400  GPGGA 230255.000 3753.1762000 -12218.5243000 1 17 0.00 3.09 0.00 0.000 36 
16:02:40.387 16:02:40.387  GPGGA 230256.000 3753.1860000 -12218.5251000 1 17 0.00 4.18 0.00 0.000 3 
16:02:41.397 16:02:41.397  GPGGA 230257.000 3753.1958000 -12218.5258000 1 17 0.00 4.61 0.00 0.000 30 
16:02:42.399 16:02:42.399  GPGGA 230258.000 3753.2058000 -12218.5262000 1 17 0.00 4.70 0.00 0.000 3 
16:02:43.394 16:02:43.394  GPGGA 230259.000 3753.2161000 -12218.5261000 1 17 0.00 4.59 0.00 0.000 3 
16:02:44.384 16:02:44.384  GPGGA 230300.000 3753.2266000 -12218.5254000 1 17 0.00 4.49 0.00 0.000 30 
16:02:45.395 16:02:45.395  GPGGA 230301.000 3753.2374000 -12218.5242000 1 17 0.00 4.41 0.00 0.000 3 
16:02:46.388 16:02:46.388  GPGGA 230302.000 3753.2480000 -12218.5225000 1 17 0.00 5.03 0.00 0.000 35 
16:02:47.385 16:02:47.385  GPGGA 230303.000 3753.2584000 -12218.5203000 1 17 0.00 5.42 0.00 0.000 30 
16:02:48.390 16:02:48.390  GPGGA 230304.000 3753.2694000 -12218.5177000 1 17 0.00 4.93 0.00 0.000 38 
16:02:49.394 16:02:49.394  GPGGA 230305.000 3753.2809000 -12218.5148000 1 17 0.00 4.26 0.00 0.000 31 
16:02:50.397 16:02:50.397  GPGGA 230306.000 3753.2928000 -12218.5115000 1 17 0.00 3.78 0.00 0.000 34 
16:02:51.394 16:02:51.394  GPGGA 230307.000 3753.3050000 -12218.5081000 1 17 0.00 3.56 0.00 0.000 32 
16:02:52.386 16:02:52.386  GPGGA 230308.000 3753.3171000 -12218.5048000 1 17 0.00 3.86 0.00 0.000 37 
16:02:53.397 16:02:53.397  GPGGA 230309.000 3753.3290000 -12218.5016000 1 17 0.00 4.09 0.00 0.000 31 
16:02:54.387 16:02:54.387  GPGGA 230310.000 3753.3408000 -12218.4988000 1 17 0.00 4.37 0.00 0.000 3 
16:02:55.396 16:02:55.396  GPGGA 230311.000 3753.3524000 -12218.4965000 1 17 0.00 4.59 0.00 0.000 39 
16:02:56.388 16:02:56.388  GPGGA 230312.000 3753.3640000 -12218.4952000 1 16 0.00 4.99 0.00 0.000 32 
16:02:57.387 16:02:57.387  GPGGA 230313.000 3753.3756000 -12218.4944000 1 16 0.00 5.42 0.00 0.000 35 
16:02:58.396 16:02:58.396  GPGGA 230314.000 3753.3873000 -12218.4945000 1 14 0.00 5.77 0.00 0.000 3 
16:02:59.397 16:02:59.397  GPGGA 230315.000 3753.3991000 -12218.4952000 1 14 0.00 6.21 0.00 0.000 35 
16:03:00.399 16:03:00.399  GPGGA 230316.000 3753.4099000 -12218.4966000 1 14 0.00 7.12 0.00 0.000 36 
16:03:01.399 16:03:01.399  GPGGA 230317.000 3753.4221000 -12218.4986000 1 14 0.00 6.40 0.00 0.000 3 
16:03:02.400 16:03:02.400  GPGGA 230318.000 3753.4332000 -12218.5007000 1 15 0.00 7.25 0.00 0.000 30 
16:03:03.386 16:03:03.386  GPGGA 230319.000 3753.4433000 -12218.5034000 1 16 0.00 6.58 0.00 0.000 3 
16:03:04.387 16:03:04.387  GPGGA 230320.000 3753.4551000 -12218.5059000 1 17 0.00 4.92 0.00 0.000 3 
16:03:05.389 16:03:05.389  GPGGA 230321.000 3753.4665000 -12218.5086000 1 17 0.00 4.81 0.00 0.000 3 
16:03:06.397 16:03:06.397  GPGGA 230322.000 3753.4777000 -12218.5112000 1 17 0.00 4.84 0.00 0.000 33 
16:03:07.403 16:03:07.403  GPGGA 230323.000 3753.4886000 -12218.5136000 1 17 0.00 4.78 0.00 0.000 36 
16:03:08.384 16:03:08.384  GPGGA 230324.000 3753.4996000 -12218.5157000 1 17 0.00 4.45 0.00 0.000 38 
16:03:09.393 16:03:09.393  GPGGA 230325.000 3753.5110000 -12218.5178000 1 17 0.00 3.89 0.00 0.000 34 
16:03:10.386 16:03:10.386  GPGGA 230326.000 3753.5230000 -12218.5199000 1 17 0.00 3.33 0.00 0.000 38 
16:03:11.399 16:03:11.399  GPGGA 230327.000 3753.5349000 -12218.5223000 1 17 0.00 3.31 0.00 0.000 36 
16:03:12.396 16:03:12.396  GPGGA 230328.000 3753.5463000 -12218.5249000 1 17 0.00 3.54 0.00 0.000 39 
16:03:13.383 16:03:13.383  GPGGA 230329.000 3753.5581000 -12218.5278000 1 17 0.00 3.00 0.00 0.000 36 
16:03:14.388 16:03:14.388  GPGGA 230330.000 3753.5708000 -12218.5313000 1 17 0.00 1.83 0.00 0.000 38 
16:03:15.396 16:03:15.396  GPGGA 230331.000 3753.5838000 -12218.5353000 1 17 0.00 1.39 0.00 0.000 30 
16:03:16.393 16:03:16.393  GPGGA 230332.000 3753.5957000 -12218.5394000 1 17 0.00 2.54 0.00 0.000 38 
16:03:17.389 16:03:17.389  GPGGA 230333.000 3753.6066000 -12218.5434000 1 17 0.00 3.89 0.00 0.000 3 
16:03:18.400 16:03:18.400  GPGGA 230334.000 3753.6171000 -12218.5476000 1 17 0.00 4.41 0.00 0.000 38 
16:03:19.399 16:03:19.399  GPGGA 230335.000 3753.6278000 -12218.5521000 1 17 0.00 4.27 0.00 0.000 30 
16:03:20.403 16:03:20.403  GPGGA 230336.000 3753.6388000 -12218.5571000 1 17 0.00 3.52 0.00 0.000 3 
16:03:21.395 16:03:21.395  GPGGA 230337.000 3753.6503000 -12218.5625000 1 17 0.00 2.76 0.00 0.000 3 
16:03:22.385 16:03:22.386  GPGGA 230338.000 3753.6617000 -12218.5682000 1 17 0.00 2.71 0.00 0.000 3 
16:03:23.429 16:03:23.429  GPGGA 230339.000 3753.6727000 -12218.5742000 1 17 0.00 3.00 0.00 0.000 36 
16:03:24.397 16:03:24.397  GPGGA 230340.000 3753.6832000 -12218.5802000 1 17 0.00 3.53 0.00 0.000 3 
16:03:25.399 16:03:25.399  GPGGA 230341.000 3753.6938000 -12218.5867000 1 17 0.00 3.22 0.00 0.000 31 
16:03:26.405 16:03:26.405  GPGGA 230342.000 3753.7046000 -12218.5936000 1 17 0.00 2.66 0.00 0.000 37 
16:03:27.400 16:03:27.400  GPGGA 230343.000 3753.7155000 -12218.6008000 1 17 0.00 2.36 0.00 0.000 37 
16:03:28.397 16:03:28.397  GPGGA 230344.000 3753.7263000 -12218.6082000 1 17 0.00 2.09 0.00 0.000 38 
16:03:29.398 16:03:29.398  GPGGA 230345.000 3753.7371000 -12218.6160000 1 17 0.00 1.85 0.00 0.000 31 
16:03:30.399 16:03:30.399  GPGGA 230346.000 3753.7479000 -12218.6243000 1 17 0.00 1.73 0.00 0.000 36 
16:03:31.401 16:03:31.401  GPGGA 230347.000 3753.7587000 -12218.6328000 1 17 0.00 1.58 0.00 0.000 32 
16:03:32.388 16:03:32.388  GPGGA 230348.000 3753.7697000 -12218.6416000 1 17 0.00 1.30 0.00 0.000 3 
16:03:33.405 16:03:33.405  GPGGA 230349.000 3753.7808000 -12218.6504000 1 17 0.00 1.12 0.00 0.000 30 
16:03:34.388 16:03:34.388  GPGGA 230350.000 3753.7919000 -12218.6596000 1 17 0.00 0.92 0.00 0.000 3 
16:03:35.406 16:03:35.406  GPGGA 230351.000 3753.8030000 -12218.6686000 1 17 0.00 1.30 0.00 0.000 3 
16:03:36.394 16:03:36.394  GPGGA 230352.000 3753.8140000 -12218.6776000 1 17 0.00 1.50 0.00 0.000 31 
16:03:37.389 16:03:37.389  GPGGA 230353.000 3753.8250000 -12218.6864000 1 17 0.00 1.50 0.00 0.000 3 
16:03:38.394 16:03:38.394  GPGGA 230354.000 3753.8359000 -12218.6954000 1 17 0.00 1.37 0.00 0.000 32 
16:03:39.400 16:03:39.400  GPGGA 230355.000 3753.8469000 -12218.7044000 1 17 0.00 1.43 0.00 0.000 3 
16:03:40.400 16:03:40.400  GPGGA 230356.000 3753.8579000 -12218.7134000 1 17 0.00 1.37 0.00 0.000 3 
16:03:41.399 16:03:41.399  GPGGA 230357.000 3753.8690000 -12218.7223000 1 17 0.00 1.42 0.00 0.000 39 
16:03:42.399 16:03:42.399  GPGGA 230358.000 3753.8801000 -12218.7312000 1 17 0.00 1.53 0.00 0.000 33 
16:03:43.400 16:03:43.400  GPGGA 230359.000 3753.8912000 -12218.7402000 1 17 0.00 1.55 0.00 0.000 31 
16:03:44.388 16:03:44.388  GPGGA 230400.000 3753.9025000 -12218.7494000 1 17 0.00 1.45 0.00 0.000 38 
16:03:45.401 16:03:45.401  GPGGA 230401.000 3753.9137000 -12218.7585000 1 17 0.00 1.44 0.00 0.000 3 
16:03:46.400 16:03:46.400  GPGGA 230402.000 3753.9249000 -12218.7677000 1 17 0.00 1.39 0.00 0.000 36 
16:03:47.401 16:03:47.401  GPGGA 230403.000 3753.9364000 -12218.7770000 1 17 0.00 0.84 0.00 0.000 38 
16:03:48.397 16:03:48.397  GPGGA 230404.000 3753.9478000 -12218.7863000 1 17 0.00 0.87 0.00 0.000 3 
16:03:49.391 16:03:49.391  GPGGA 230405.000 3753.9593000 -12218.7956000 1 17 0.00 0.86 0.00 0.000 38 
16:03:50.389 16:03:50.389  GPGGA 230406.000 3753.9710000 -12218.8050000 1 17 0.00 0.56 0.00 0.000 3 
16:03:51.400 16:03:51.400  GPGGA 230407.000 3753.9828000 -12218.8145000 1 17 0.00 0.47 0.00 0.000 3 
16:03:52.403 16:03:52.403  GPGGA 230408.000 3753.9946000 -12218.8240000 1 17 0.00 0.35 0.00 0.000 3 
16:03:53.401 16:03:53.401  GPGGA 230409.000 3754.0062000 -12218.8335000 1 17 0.00 0.42 0.00 0.000 39 
16:03:54.403 16:03:54.403  GPGGA 230410.000 3754.0181000 -12218.8431000 1 16 0.00 0.28 0.00 0.000 33 
16:03:55.400 16:03:55.400  GPGGA 230411.000 3754.0299000 -12218.8526000 1 14 0.00 0.34 0.00 0.000 30 
16:03:56.398 16:03:56.398  GPGGA 230412.000 3754.0416000 -12218.8621000 1 16 0.00 0.59 0.00 0.000 3 
16:03:57.404 16:03:57.404  GPGGA 230413.000 3754.0534000 -12218.8716000 1 16 0.00 0.65 0.00 0.000 35 
16:03:58.389 16:03:58.389  GPGGA 230414.000 3754.0653000 -12218.8813000 1 17 0.00 0.64 0.00 0.000 3 
16:03:59.396 16:03:59.396  GPGGA 230415.000 3754.0774000 -12218.8911000 1 17 0.00 0.40 0.00 0.000 3 
16:04:00.396 16:04:00.396  GPGGA 230416.000 3754.0890000 -12218.9008000 1 17 0.00 0.79 0.00 0.000 36 
16:04:01.388 16:04:01.388  GPGGA 230417.000 3754.0995000 -12218.9097000 1 17 0.00 2.22 0.00 0.000 39 
16:04:02.401 16:04:02.401  GPGGA 230418.000 3754.1087000 -12218.9176000 1 17 0.00 3.51 0.00 0.000 36 
16:04:03.399 16:04:03.399  GPGGA 230419.000 3754.1172000 -12218.9248000 1 17 0.00 4.46 0.00 0.000 33 
16:04:04.393 16:04:04.393  GPGGA 230420.000 3754.1249000 -12218.9313000 1 17 0.00 5.38 0.00 0.000 35 
16:04:05.397 16:04:05.397  GPGGA 230421.000 3754.1326000 -12218.9376000 1 17 0.00 5.50 0.00 0.000 31 
16:04:06.399 16:04:06.399  GPGGA 230422.000 3754.1405000 -12218.9440000 1 17 0.00 5.14 0.00 0.000 36 
16:04:07.408 16:04:07.408  GPGGA 230423.000 3754.1490000 -12218.9508000 1 17 0.00 4.53 0.00 0.000 34 
16:04:08.396 16:04:08.396  GPGGA 230424.000 3754.1577000 -12218.9578000 1 17 0.00 3.74 0.00 0.000 3 
16:04:09.388 16:04:09.388  GPGGA 230425.000 3754.1669000 -12218.9653000 1 17 0.00 2.90 0.00 0.000 32 
16:04:10.399 16:04:10.399  GPGGA 230426.000 3754.1764000 -12218.9731000 1 17 0.00 2.11 0.00 0.000 31 
16:04:11.394 16:04:11.394  GPGGA 230427.000 3754.1863000 -12218.9811000 1 17 0.00 1.61 0.00 0.000 31 
16:04:12.397 16:04:12.397  GPGGA 230428.000 3754.1964000 -12218.9894000 1 17 0.00 1.19 0.00 0.000 3 
16:04:13.395 16:04:13.395  GPGGA 230429.000 3754.2067000 -12218.9979000 1 17 0.00 0.83 0.00 0.000 32 
16:04:14.402 16:04:14.402  GPGGA 230430.000 3754.2172000 -12219.0066000 1 17 0.00 0.44 0.00 0.000 3 
16:04:15.406 16:04:15.406  GPGGA 230431.000 3754.2280000 -12219.0155000 1 17 0.00 0.03 0.00 0.000 36 
16:04:16.396 16:04:16.396  GPGGA 230432.000 3754.2392000 -12219.0246000 1 17 0.00 -0.31 0.00 0.000 1 
16:04:17.401 16:04:17.401  GPGGA 230433.000 3754.2505000 -12219.0338000 1 17 0.00 -0.60 0.00 0.000 1 
16:04:18.407 16:04:18.407  GPGGA 230434.000 3754.2620000 -12219.0432000 1 17 0.00 -0.86 0.00 0.000 19 
16:04:19.407 16:04:19.407  GPGGA 230435.000 3754.2737000 -12219.0527000 1 17 0.00 -0.98 0.00 0.000 15 
16:04:20.418 16:04:20.418  GPGGA 230436.000 3754.2855000 -12219.0623000 1 17 0.00 -1.10 0.00 0.000 1 
16:04:21.395 16:04:21.396  GPGGA 230437.000 3754.2972000 -12219.0720000 1 17 0.00 -0.96 0.00 0.000 13 
16:04:22.397 16:04:22.397  GPGGA 230438.000 3754.3089000 -12219.0817000 1 17 0.00 -0.77 0.00 0.000 14 
16:04:23.400 16:04:23.400  GPGGA 230439.000 3754.3206000 -12219.0914000 1 17 0.00 -0.39 0.00 0.000 18 
16:04:24.396 16:04:24.397  GPGGA 230440.000 3754.3324000 -12219.1010000 1 17 0.00 -0.29 0.00 0.000 1 
16:04:25.392 16:04:25.392  GPGGA 230441.000 3754.3443000 -12219.1107000 1 17 0.00 -0.20 0.00 0.000 13 
16:04:26.405 16:04:26.405  GPGGA 230442.000 3754.3560000 -12219.1203000 1 17 0.00 0.17 0.00 0.000 3 
16:04:27.409 16:04:27.409  GPGGA 230443.000 3754.3678000 -12219.1300000 1 17 0.00 0.23 0.00 0.000 30 
16:04:28.400 16:04:28.400  GPGGA 230444.000 3754.3793000 -12219.1397000 1 17 0.00 0.81 0.00 0.000 35 
16:04:29.410 16:04:29.410  GPGGA 230445.000 3754.3905000 -12219.1491000 1 17 0.00 1.19 0.00 0.000 34 
16:04:30.406 16:04:30.406  GPGGA 230446.000 3754.4019000 -12219.1585000 1 17 0.00 1.39 0.00 0.000 32 
16:04:31.395 16:04:31.395  GPGGA 230447.000 3754.4130000 -12219.1677000 1 17 0.00 1.70 0.00 0.000 3 
16:04:32.397 16:04:32.397  GPGGA 230448.000 3754.4240000 -12219.1768000 1 17 0.00 1.89 0.00 0.000 38 
16:04:33.404 16:04:33.404  GPGGA 230449.000 3754.4352000 -12219.1859000 1 17 0.00 1.79 0.00 0.000 39 
16:04:34.397 16:04:34.397  GPGGA 230450.000 3754.4463000 -12219.1950000 1 17 0.00 2.03 0.00 0.000 32 
16:04:35.394 16:04:35.394  GPGGA 230451.000 3754.4574000 -12219.2041000 1 17 0.00 1.88 0.00 0.000 3 
16:04:36.411 16:04:36.411  GPGGA 230452.000 3754.4684000 -12219.2131000 1 17 0.00 2.11 0.00 0.000 34 
16:04:37.400 16:04:37.400  GPGGA 230453.000 3754.4794000 -12219.2221000 1 17 0.00 2.23 0.00 0.000 36 
16:04:38.397 16:04:38.397  GPGGA 230454.000 3754.4902000 -12219.2310000 1 17 0.00 2.35 0.00 0.000 34 
16:04:39.402 16:04:39.402  GPGGA 230455.000 3754.5010000 -12219.2398000 1 17 0.00 2.47 0.00 0.000 3 
16:04:40.403 16:04:40.403  GPGGA 230456.000 3754.5115000 -12219.2482000 1 17 0.00 2.82 0.00 0.000 39 
16:04:41.407 16:04:41.407  GPGGA 230457.000 3754.5222000 -12219.2561000 1 17 0.00 3.03 0.00 0.000 3 
16:04:42.397 16:04:42.397  GPGGA 230458.000 3754.5328000 -12219.2636000 1 17 0.00 3.31 0.00 0.000 3 
16:04:43.402 16:04:43.402  GPGGA 230459.000 3754.5432000 -12219.2709000 1 17 0.00 3.82 0.00 0.000 37 
16:04:44.399 16:04:44.399  GPGGA 230500.000 3754.5535000 -12219.2780000 1 17 0.00 4.07 0.00 0.000 37 
16:04:45.406 16:04:45.406  GPGGA 230501.000 3754.5637000 -12219.2851000 1 17 0.00 4.29 0.00 0.000 38 
16:04:46.399 16:04:46.399  GPGGA 230502.000 3754.5736000 -12219.2919000 1 17 0.00 4.69 0.00 0.000 32 
16:04:47.402 16:04:47.402  GPGGA 230503.000 3754.5832000 -12219.2986000 1 17 0.00 5.21 0.00 0.000 33 
16:04:48.407 16:04:48.407  GPGGA 230504.000 3754.5923000 -12219.3051000 1 17 0.00 5.77 0.00 0.000 34 
16:04:49.402 16:04:49.402  GPGGA 230505.000 3754.6009000 -12219.3114000 1 17 0.00 6.59 0.00 0.000 38 
16:04:50.396 16:04:50.396  GPGGA 230506.000 3754.6088000 -12219.3173000 1 17 0.00 7.73 0.00 0.000 3 
16:04:51.409 16:04:51.409  GPGGA 230507.000 3754.6160000 -12219.3229000 1 17 0.00 9.02 0.00 0.000 38 
16:04:52.408 16:04:52.408  GPGGA 230508.000 3754.6225000 -12219.3281000 1 17 0.00 10.10 0.00 0.000 0 
16:04:53.409 16:04:53.410  GPGGA 230509.000 3754.6284000 -12219.3330000 1 17 0.00 11.06 0.00 0.000 0 
16:04:54.403 16:04:54.403  GPGGA 230510.000 3754.6337000 -12219.3374000 1 17 0.00 12.24 0.00 0.000 9 
16:04:55.400 16:04:55.400  GPGGA 230511.000 3754.6385000 -12219.3413000 1 17 0.00 13.13 0.00 0.000 2 
16:04:56.401 16:04:56.401  GPGGA 230512.000 3754.6425000 -12219.3447000 1 17 0.00 14.26 0.00 0.000 0 
16:04:57.415 16:04:57.415  GPGGA 230513.000 3754.6461000 -12219.3476000 1 17 0.00 15.02 0.00 0.000 8 
16:04:58.398 16:04:58.398  GPGGA 230514.000 3754.6491000 -12219.3501000 1 17 0.00 15.60 0.00 0.000 5 
16:04:59.414 16:04:59.414  GPGGA 230515.000 3754.6515000 -12219.3520000 1 17 0.00 16.14 0.00 0.000 0 
16:05:00.422 16:05:00.422  GPGGA 230516.000 3754.6536000 -12219.3536000 1 17 0.00 16.27 0.00 0.000 0 
16:05:01.399 16:05:01.399  GPGGA 230517.000 3754.6554000 -12219.3551000 1 17 0.00 16.01 0.00 0.000 0 
16:05:02.401 16:05:02.401  GPGGA 230518.000 3754.6575000 -12219.3567000 1 18 0.00 14.96 0.00 0.000 5 
16:05:03.398 16:05:03.398  GPGGA 230519.000 3754.6600000 -12219.3587000 1 18 0.00 13.85 0.00 0.000 0 
16:05:04.398 16:05:04.398  GPGGA 230520.000 3754.6628000 -12219.3610000 1 18 0.00 12.95 0.00 0.000 3 
16:05:05.397 16:05:05.397  GPGGA 230521.000 3754.6659000 -12219.3635000 1 18 0.00 12.12 0.00 0.000 0 
16:05:06.398 16:05:06.398  GPGGA 230522.000 3754.6691000 -12219.3660000 1 18 0.00 11.51 0.00 0.000 0 
16:05:07.404 16:05:07.404  GPGGA 230523.000 3754.6723000 -12219.3687000 1 18 0.00 10.94 0.00 0.000 7 
16:05:08.405 16:05:08.405  GPGGA 230524.000 3754.6758000 -12219.3716000 1 18 0.00 10.43 0.00 0.000 0 
16:05:09.394 16:05:09.394  GPGGA 230525.000 3754.6794000 -12219.3745000 1 18 0.00 10.09 0.00 0.000 6 
16:05:10.395 16:05:10.395  GPGGA 230526.000 3754.6830000 -12219.3775000 1 18 0.00 9.78 0.00 0.000 39 
16:05:11.414 16:05:11.414  GPGGA 230527.000 3754.6864000 -12219.3803000 1 18 0.00 10.24 0.00 0.000 6 
16:05:12.393 16:05:12.393  GPGGA 230528.000 3754.6891000 -12219.3825000 1 18 0.00 11.19 0.00 0.000 8 
16:05:13.395 16:05:13.395  GPGGA 230529.000 3754.6915000 -12219.3844000 1 18 0.00 11.76 0.00 0.000 0 
16:05:14.394 16:05:14.394  GPGGA 230530.000 3754.6936000 -12219.3860000 1 18 0.00 12.27 0.00 0.000 2 
16:05:15.398 16:05:15.398  GPGGA 230531.000 3754.6953000 -12219.3875000 1 18 0.00 12.51 0.00 0.000 5 
16:05:16.400 16:05:16.400  GPGGA 230532.000 3754.6969000 -12219.3887000 1 18 0.00 12.51 0.00 0.000 2 
16:05:17.400 16:05:17.400  GPGGA 230533.000 3754.6989000 -12219.3903000 1 18 0.00 11.87 0.00 0.000 8 
16:05:18.409 16:05:18.409  GPGGA 230534.000 3754.7013000 -12219.3924000 1 18 0.00 11.14 0.00 0.000 0 
16:05:19.404 16:05:19.404  GPGGA 230535.000 3754.7040000 -12219.3947000 1 18 0.00 10.54 0.00 0.000 0 
16:05:20.409 16:05:20.409  GPGGA 230536.000 3754.7068000 -12219.3970000 1 18 0.00 10.10 0.00 0.000 1 
16:05:21.408 16:05:21.408  GPGGA 230537.000 3754.7101000 -12219.3998000 1 18 0.00 9.43 0.00 0.000 36 
16:05:22.409 16:05:22.409  GPGGA 230538.000 3754.7137000 -12219.4026000 1 18 0.00 8.96 0.00 0.000 3 
16:05:23.398 16:05:23.398  GPGGA 230539.000 3754.7168000 -12219.4052000 1 18 0.00 9.53 0.00 0.000 3 
