Receiving GPS point for DB variable 8001
writing output to stdout
15:41:26.295 15:41:26.295  GPGGA 224142.000 3754.5880000 -12219.3312000 1 17 0.00 2.00 0.00 0.000 3 
15:41:27.298 15:41:27.299  GPGGA 224143.000 3754.5772000 -12219.3222000 1 17 0.00 1.96 0.00 0.000 31 
15:41:28.296 15:41:28.296  GPGGA 224144.000 3754.5664000 -12219.3132000 1 17 0.00 2.13 0.00 0.000 3 
15:41:29.303 15:41:29.303  GPGGA 224145.000 3754.5555000 -12219.3042000 1 17 0.00 2.12 0.00 0.000 3 
15:41:30.297 15:41:30.297  GPGGA 224146.000 3754.5444000 -12219.2949000 1 17 0.00 1.92 0.00 0.000 31 
15:41:31.300 15:41:31.300  GPGGA 224147.000 3754.5331000 -12219.2856000 1 17 0.00 1.86 0.00 0.000 3 
15:41:32.300 15:41:32.300  GPGGA 224148.000 3754.5219000 -12219.2764000 1 17 0.00 1.89 0.00 0.000 3 
15:41:33.288 15:41:33.288  GPGGA 224149.000 3754.5107000 -12219.2672000 1 17 0.00 2.19 0.00 0.000 3 
15:41:34.298 15:41:34.298  GPGGA 224150.000 3754.4997000 -12219.2581000 1 17 0.00 2.59 0.00 0.000 38 
15:41:35.290 15:41:35.290  GPGGA 224151.000 3754.4889000 -12219.2491000 1 17 0.00 2.87 0.00 0.000 34 
15:41:36.291 15:41:36.291  GPGGA 224152.000 3754.4782000 -12219.2401000 1 17 0.00 3.24 0.00 0.000 32 
15:41:37.286 15:41:37.286  GPGGA 224153.000 3754.4676000 -12219.2314000 1 17 0.00 3.61 0.00 0.000 3 
15:41:38.292 15:41:38.292  GPGGA 224154.000 3754.4570000 -12219.2226000 1 17 0.00 3.62 0.00 0.000 3 
15:41:39.287 15:41:39.287  GPGGA 224155.000 3754.4463000 -12219.2139000 1 17 0.00 3.61 0.00 0.000 36 
15:41:40.302 15:41:40.302  GPGGA 224156.000 3754.4361000 -12219.2055000 1 17 0.00 4.67 0.00 0.000 3 
15:41:41.296 15:41:41.296  GPGGA 224157.000 3754.4264000 -12219.1974000 1 17 0.00 5.29 0.00 0.000 3 
15:41:42.301 15:41:42.301  GPGGA 224158.000 3754.4165000 -12219.1893000 1 17 0.00 5.26 0.00 0.000 37 
15:41:43.287 15:41:43.287  GPGGA 224159.000 3754.4066000 -12219.1811000 1 17 0.00 5.20 0.00 0.000 38 
15:41:44.298 15:41:44.298  GPGGA 224200.000 3754.3966000 -12219.1729000 1 17 0.00 5.05 0.00 0.000 3 
15:41:45.291 15:41:45.291  GPGGA 224201.000 3754.3865000 -12219.1647000 1 17 0.00 4.90 0.00 0.000 3 
15:41:46.305 15:41:46.305  GPGGA 224202.000 3754.3763000 -12219.1564000 1 17 0.00 4.71 0.00 0.000 3 
15:41:47.297 15:41:47.297  GPGGA 224203.000 3754.3661000 -12219.1480000 1 17 0.00 4.57 0.00 0.000 37 
15:41:48.299 15:41:48.299  GPGGA 224204.000 3754.3558000 -12219.1394000 1 17 0.00 4.31 0.00 0.000 3 
15:41:49.296 15:41:49.296  GPGGA 224205.000 3754.3454000 -12219.1308000 1 17 0.00 4.09 0.00 0.000 39 
15:41:50.301 15:41:50.301  GPGGA 224206.000 3754.3349000 -12219.1222000 1 17 0.00 3.93 0.00 0.000 3 
15:41:51.287 15:41:51.287  GPGGA 224207.000 3754.3243000 -12219.1135000 1 17 0.00 3.73 0.00 0.000 3 
15:41:52.297 15:41:52.297  GPGGA 224208.000 3754.3137000 -12219.1048000 1 17 0.00 3.67 0.00 0.000 3 
15:41:53.288 15:41:53.288  GPGGA 224209.000 3754.3029000 -12219.0960000 1 17 0.00 3.56 0.00 0.000 33 
15:41:54.288 15:41:54.288  GPGGA 224210.000 3754.2921000 -12219.0871000 1 17 0.00 3.41 0.00 0.000 3 
15:41:55.288 15:41:55.288  GPGGA 224211.000 3754.2813000 -12219.0781000 1 17 0.00 3.25 0.00 0.000 3 
15:41:56.288 15:41:56.288  GPGGA 224212.000 3754.2703000 -12219.0692000 1 17 0.00 3.15 0.00 0.000 32 
15:41:57.287 15:41:57.287  GPGGA 224213.000 3754.2593000 -12219.0601000 1 17 0.00 2.96 0.00 0.000 38 
15:41:58.302 15:41:58.302  GPGGA 224214.000 3754.2483000 -12219.0509000 1 17 0.00 2.81 0.00 0.000 32 
15:41:59.289 15:41:59.289  GPGGA 224215.000 3754.2371000 -12219.0415000 1 17 0.00 2.63 0.00 0.000 39 
15:42:00.294 15:42:00.294  GPGGA 224216.000 3754.2259000 -12219.0321000 1 17 0.00 2.48 0.00 0.000 38 
15:42:01.288 15:42:01.288  GPGGA 224217.000 3754.2146000 -12219.0228000 1 17 0.00 2.36 0.00 0.000 35 
15:42:02.305 15:42:02.305  GPGGA 224218.000 3754.2031000 -12219.0134000 1 17 0.00 2.22 0.00 0.000 30 
15:42:03.296 15:42:03.296  GPGGA 224219.000 3754.1916000 -12219.0040000 1 17 0.00 2.03 0.00 0.000 3 
15:42:04.288 15:42:04.288  GPGGA 224220.000 3754.1801000 -12218.9946000 1 17 0.00 2.35 0.00 0.000 30 
15:42:05.300 15:42:05.300  GPGGA 224221.000 3754.1689000 -12218.9854000 1 17 0.00 2.77 0.00 0.000 3 
15:42:06.289 15:42:06.289  GPGGA 224222.000 3754.1578000 -12218.9761000 1 17 0.00 3.00 0.00 0.000 3 
15:42:07.300 15:42:07.300  GPGGA 224223.000 3754.1468000 -12218.9669000 1 17 0.00 3.25 0.00 0.000 32 
15:42:08.297 15:42:08.297  GPGGA 224224.000 3754.1359000 -12218.9578000 1 17 0.00 3.52 0.00 0.000 33 
15:42:09.303 15:42:09.303  GPGGA 224225.000 3754.1250000 -12218.9489000 1 17 0.00 3.73 0.00 0.000 36 
15:42:10.288 15:42:10.288  GPGGA 224226.000 3754.1142000 -12218.9399000 1 17 0.00 3.81 0.00 0.000 3 
15:42:11.297 15:42:11.297  GPGGA 224227.000 3754.1034000 -12218.9310000 1 17 0.00 3.98 0.00 0.000 36 
15:42:12.303 15:42:12.303  GPGGA 224228.000 3754.0927000 -12218.9221000 1 17 0.00 4.18 0.00 0.000 3 
15:42:13.301 15:42:13.301  GPGGA 224229.000 3754.0820000 -12218.9134000 1 17 0.00 4.31 0.00 0.000 34 
15:42:14.304 15:42:14.304  GPGGA 224230.000 3754.0714000 -12218.9046000 1 16 0.00 4.53 0.00 0.000 35 
15:42:15.304 15:42:15.304  GPGGA 224231.000 3754.0608000 -12218.8959000 1 17 0.00 4.69 0.00 0.000 36 
15:42:16.296 15:42:16.296  GPGGA 224232.000 3754.0501000 -12218.8872000 1 17 0.00 4.57 0.00 0.000 3 
15:42:17.299 15:42:17.299  GPGGA 224233.000 3754.0395000 -12218.8784000 1 17 0.00 4.47 0.00 0.000 37 
15:42:18.294 15:42:18.294  GPGGA 224234.000 3754.0290000 -12218.8696000 1 17 0.00 4.47 0.00 0.000 36 
15:42:19.302 15:42:19.302  GPGGA 224235.000 3754.0185000 -12218.8607000 1 17 0.00 4.44 0.00 0.000 3 
15:42:20.303 15:42:20.303  GPGGA 224236.000 3754.0082000 -12218.8517000 1 16 0.00 4.78 0.00 0.000 32 
15:42:21.303 15:42:21.303  GPGGA 224237.000 3753.9978000 -12218.8428000 1 14 0.00 5.09 0.00 0.000 39 
15:42:22.298 15:42:22.299  GPGGA 224238.000 3753.9872000 -12218.8339000 1 12 0.00 5.46 0.00 0.000 37 
15:42:23.306 15:42:23.306  GPGGA 224239.000 3753.9767000 -12218.8252000 1 16 0.00 5.38 0.00 0.000 3 
15:42:24.303 15:42:24.303  GPGGA 224240.000 3753.9662000 -12218.8164000 1 17 0.00 5.16 0.00 0.000 3 
15:42:25.301 15:42:25.301  GPGGA 224241.000 3753.9557000 -12218.8079000 1 17 0.00 5.11 0.00 0.000 33 
15:42:26.304 15:42:26.304  GPGGA 224242.000 3753.9451000 -12218.7994000 1 17 0.00 4.84 0.00 0.000 3 
15:42:27.299 15:42:27.299  GPGGA 224243.000 3753.9345000 -12218.7909000 1 17 0.00 4.71 0.00 0.000 32 
15:42:28.304 15:42:28.304  GPGGA 224244.000 3753.9239000 -12218.7825000 1 17 0.00 4.64 0.00 0.000 34 
15:42:29.302 15:42:29.302  GPGGA 224245.000 3753.9133000 -12218.7740000 1 17 0.00 4.71 0.00 0.000 34 
15:42:30.304 15:42:30.304  GPGGA 224246.000 3753.9028000 -12218.7656000 1 17 0.00 4.76 0.00 0.000 3 
15:42:31.294 15:42:31.294  GPGGA 224247.000 3753.8922000 -12218.7571000 1 17 0.00 4.71 0.00 0.000 3 
15:42:32.300 15:42:32.300  GPGGA 224248.000 3753.8815000 -12218.7486000 1 17 0.00 4.62 0.00 0.000 3 
15:42:33.300 15:42:33.301  GPGGA 224249.000 3753.8709000 -12218.7399000 1 17 0.00 4.57 0.00 0.000 32 
15:42:34.295 15:42:34.295  GPGGA 224250.000 3753.8601000 -12218.7312000 1 17 0.00 4.37 0.00 0.000 36 
15:42:35.301 15:42:35.301  GPGGA 224251.000 3753.8492000 -12218.7223000 1 17 0.00 4.02 0.00 0.000 3 
15:42:36.295 15:42:36.295  GPGGA 224252.000 3753.8381000 -12218.7132000 1 17 0.00 3.68 0.00 0.000 34 
15:42:37.296 15:42:37.296  GPGGA 224253.000 3753.8269000 -12218.7042000 1 17 0.00 3.55 0.00 0.000 3 
15:42:38.294 15:42:38.294  GPGGA 224254.000 3753.8156000 -12218.6951000 1 18 0.00 3.40 0.00 0.000 33 
15:42:39.289 15:42:39.289  GPGGA 224255.000 3753.8043000 -12218.6860000 1 18 0.00 3.54 0.00 0.000 31 
15:42:40.310 15:42:40.310  GPGGA 224256.000 3753.7928000 -12218.6769000 1 18 0.00 3.46 0.00 0.000 3 
15:42:41.302 15:42:41.302  GPGGA 224257.000 3753.7814000 -12218.6676000 1 18 0.00 3.25 0.00 0.000 39 
15:42:42.306 15:42:42.306  GPGGA 224258.000 3753.7698000 -12218.6583000 1 18 0.00 2.97 0.00 0.000 3 
15:42:43.308 15:42:43.308  GPGGA 224259.000 3753.7583000 -12218.6489000 1 18 0.00 2.82 0.00 0.000 3 
15:42:44.300 15:42:44.300  GPGGA 224300.000 3753.7466000 -12218.6397000 1 18 0.00 2.58 0.00 0.000 32 
15:42:45.303 15:42:45.303  GPGGA 224301.000 3753.7347000 -12218.6304000 1 18 0.00 2.25 0.00 0.000 37 
15:42:46.309 15:42:46.309  GPGGA 224302.000 3753.7228000 -12218.6215000 1 18 0.00 2.19 0.00 0.000 32 
15:42:47.307 15:42:47.307  GPGGA 224303.000 3753.7108000 -12218.6129000 1 18 0.00 2.45 0.00 0.000 37 
15:42:48.303 15:42:48.303  GPGGA 224304.000 3753.6989000 -12218.6050000 1 18 0.00 2.81 0.00 0.000 37 
15:42:49.302 15:42:49.302  GPGGA 224305.000 3753.6868000 -12218.5975000 1 18 0.00 3.09 0.00 0.000 34 
15:42:50.297 15:42:50.297  GPGGA 224306.000 3753.6748000 -12218.5904000 1 17 0.00 3.26 0.00 0.000 3 
15:42:51.304 15:42:51.304  GPGGA 224307.000 3753.6626000 -12218.5838000 1 18 0.00 3.35 0.00 0.000 35 
15:42:52.308 15:42:52.308  GPGGA 224308.000 3753.6505000 -12218.5775000 1 18 0.00 3.45 0.00 0.000 39 
15:42:53.304 15:42:53.305  GPGGA 224309.000 3753.6383000 -12218.5715000 1 18 0.00 3.39 0.00 0.000 3 
15:42:54.305 15:42:54.305  GPGGA 224310.000 3753.6260000 -12218.5659000 1 18 0.00 3.54 0.00 0.000 3 
15:42:55.299 15:42:55.299  GPGGA 224311.000 3753.6138000 -12218.5608000 1 18 0.00 3.78 0.00 0.000 3 
15:42:56.299 15:42:56.299  GPGGA 224312.000 3753.6016000 -12218.5560000 1 18 0.00 3.97 0.00 0.000 3 
15:42:57.300 15:42:57.301  GPGGA 224313.000 3753.5893000 -12218.5517000 1 18 0.00 4.02 0.00 0.000 30 
15:42:58.304 15:42:58.304  GPGGA 224314.000 3753.5771000 -12218.5477000 1 18 0.00 4.26 0.00 0.000 35 
15:42:59.296 15:42:59.296  GPGGA 224315.000 3753.5649000 -12218.5440000 1 18 0.00 4.36 0.00 0.000 3 
15:43:00.301 15:43:00.301  GPGGA 224316.000 3753.5527000 -12218.5408000 1 18 0.00 4.39 0.00 0.000 30 
15:43:01.300 15:43:01.300  GPGGA 224317.000 3753.5405000 -12218.5379000 1 18 0.00 4.32 0.00 0.000 3 
15:43:02.301 15:43:02.301  GPGGA 224318.000 3753.5282000 -12218.5356000 1 18 0.00 4.32 0.00 0.000 31 
15:43:03.300 15:43:03.300  GPGGA 224319.000 3753.5160000 -12218.5338000 1 18 0.00 4.28 0.00 0.000 3 
15:43:04.300 15:43:04.300  GPGGA 224320.000 3753.5038000 -12218.5327000 1 18 0.00 4.34 0.00 0.000 39 
15:43:05.306 15:43:05.306  GPGGA 224321.000 3753.4917000 -12218.5321000 1 18 0.00 4.24 0.00 0.000 3 
15:43:06.303 15:43:06.303  GPGGA 224322.000 3753.4796000 -12218.5320000 1 18 0.00 4.29 0.00 0.000 32 
15:43:07.303 15:43:07.303  GPGGA 224323.000 3753.4675000 -12218.5325000 1 17 0.00 4.18 0.00 0.000 37 
15:43:08.298 15:43:08.298  GPGGA 224324.000 3753.4554000 -12218.5337000 1 18 0.00 4.10 0.00 0.000 34 
15:43:09.299 15:43:09.300  GPGGA 224325.000 3753.4433000 -12218.5355000 1 18 0.00 3.98 0.00 0.000 36 
15:43:10.305 15:43:10.305  GPGGA 224326.000 3753.4314000 -12218.5378000 1 18 0.00 4.08 0.00 0.000 36 
15:43:11.316 15:43:11.316  GPGGA 224327.000 3753.4195000 -12218.5402000 1 18 0.00 4.21 0.00 0.000 3 
15:43:12.306 15:43:12.306  GPGGA 224328.000 3753.4077000 -12218.5427000 1 18 0.00 4.48 0.00 0.000 37 
15:43:13.301 15:43:13.301  GPGGA 224329.000 3753.3959000 -12218.5452000 1 18 0.00 4.94 0.00 0.000 37 
15:43:14.303 15:43:14.303  GPGGA 224330.000 3753.3841000 -12218.5475000 1 18 0.00 5.57 0.00 0.000 3 
15:43:15.305 15:43:15.305  GPGGA 224331.000 3753.3723000 -12218.5496000 1 18 0.00 6.06 0.00 0.000 3 
15:43:16.297 15:43:16.297  GPGGA 224332.000 3753.3605000 -12218.5515000 1 18 0.00 6.69 0.00 0.000 39 
15:43:17.301 15:43:17.301  GPGGA 224333.000 3753.3486000 -12218.5532000 1 18 0.00 7.09 0.00 0.000 33 
15:43:18.296 15:43:18.296  GPGGA 224334.000 3753.3367000 -12218.5549000 1 18 0.00 7.51 0.00 0.000 3 
15:43:19.300 15:43:19.300  GPGGA 224335.000 3753.3246000 -12218.5566000 1 18 0.00 7.87 0.00 0.000 38 
15:43:20.302 15:43:20.302  GPGGA 224336.000 3753.3124000 -12218.5583000 1 18 0.00 7.77 0.00 0.000 38 
15:43:21.306 15:43:21.306  GPGGA 224337.000 3753.2997000 -12218.5601000 1 18 0.00 7.38 0.00 0.000 3 
15:43:22.302 15:43:22.302  GPGGA 224338.000 3753.2867000 -12218.5619000 1 18 0.00 6.91 0.00 0.000 30 
15:43:23.296 15:43:23.296  GPGGA 224339.000 3753.2730000 -12218.5637000 1 18 0.00 5.94 0.00 0.000 36 
15:43:24.296 15:43:24.296  GPGGA 224340.000 3753.2587000 -12218.5654000 1 18 0.00 5.18 0.00 0.000 37 
15:43:25.296 15:43:25.297  GPGGA 224341.000 3753.2439000 -12218.5665000 1 18 0.00 4.69 0.00 0.000 37 
15:43:26.319 15:43:26.319  GPGGA 224342.000 3753.2286000 -12218.5668000 1 18 0.00 4.27 0.00 0.000 31 
15:43:27.303 15:43:27.303  GPGGA 224343.000 3753.2130000 -12218.5660000 1 18 0.00 3.92 0.00 0.000 3 
15:43:28.297 15:43:28.297  GPGGA 224344.000 3753.1973000 -12218.5644000 1 18 0.00 3.60 0.00 0.000 3 
15:43:29.296 15:43:29.296  GPGGA 224345.000 3753.1814000 -12218.5619000 1 18 0.00 3.07 0.00 0.000 37 
15:43:30.302 15:43:30.302  GPGGA 224346.000 3753.1655000 -12218.5587000 1 18 0.00 2.26 0.00 0.000 39 
15:43:31.295 15:43:31.295  GPGGA 224347.000 3753.1495000 -12218.5553000 1 18 0.00 1.10 0.00 0.000 39 
15:43:32.301 15:43:32.301  GPGGA 224348.000 3753.1336000 -12218.5519000 1 18 0.00 0.16 0.00 0.000 31 
15:43:33.304 15:43:33.304  GPGGA 224349.000 3753.1177000 -12218.5484000 1 18 0.00 -0.39 0.00 0.000 12 
15:43:34.303 15:43:34.303  GPGGA 224350.000 3753.1022000 -12218.5450000 1 18 0.00 -0.42 0.00 0.000 1 
