Receiving GPS point for DB variable 8001
writing output to stdout
15:44:35.308 15:44:35.308  GPGGA 224451.000 3752.7594000 -12218.4658000 1 16 0.00 2.94 0.00 0.000 36 
15:44:36.300 15:44:36.300  GPGGA 224452.000 3752.7564000 -12218.4651000 1 16 0.00 3.44 0.00 0.000 3 
15:44:37.312 15:44:37.312  GPGGA 224453.000 3752.7537000 -12218.4645000 1 15 0.00 3.93 0.00 0.000 34 
15:44:38.313 15:44:38.313  GPGGA 224454.000 3752.7513000 -12218.4639000 1 15 0.00 4.37 0.00 0.000 37 
15:44:39.299 15:44:39.299  GPGGA 224455.000 3752.7489000 -12218.4633000 1 16 0.00 4.51 0.00 0.000 3 
15:44:40.310 15:44:40.310  GPGGA 224456.000 3752.7461000 -12218.4625000 1 17 0.00 4.01 0.00 0.000 3 
15:44:41.302 15:44:41.302  GPGGA 224457.000 3752.7425000 -12218.4617000 1 17 0.00 3.03 0.00 0.000 3 
15:44:42.314 15:44:42.314  GPGGA 224458.000 3752.7381000 -12218.4608000 1 17 0.00 2.05 0.00 0.000 31 
15:44:43.301 15:44:43.301  GPGGA 224459.000 3752.7336000 -12218.4599000 1 17 0.00 1.87 0.00 0.000 3 
15:44:44.315 15:44:44.315  GPGGA 224500.000 3752.7294000 -12218.4591000 1 17 0.00 2.33 0.00 0.000 3 
15:44:45.321 15:44:45.321  GPGGA 224501.000 3752.7259000 -12218.4583000 1 17 0.00 3.60 0.00 0.000 3 
15:44:46.315 15:44:46.315  GPGGA 224502.000 3752.7227000 -12218.4577000 1 17 0.00 4.29 0.00 0.000 31 
15:44:47.315 15:44:47.315  GPGGA 224503.000 3752.7193000 -12218.4570000 1 17 0.00 4.20 0.00 0.000 32 
15:44:48.307 15:44:48.307  GPGGA 224504.000 3752.7155000 -12218.4561000 1 17 0.00 3.64 0.00 0.000 38 
15:44:49.313 15:44:49.313  GPGGA 224505.000 3752.7112000 -12218.4550000 1 17 0.00 2.97 0.00 0.000 35 
15:44:50.312 15:44:50.312  GPGGA 224506.000 3752.7067000 -12218.4539000 1 17 0.00 2.64 0.00 0.000 36 
15:44:51.315 15:44:51.315  GPGGA 224507.000 3752.7022000 -12218.4527000 1 17 0.00 2.62 0.00 0.000 3 
15:44:52.310 15:44:52.310  GPGGA 224508.000 3752.6977000 -12218.4515000 1 17 0.00 3.15 0.00 0.000 38 
15:44:53.307 15:44:53.307  GPGGA 224509.000 3752.6938000 -12218.4505000 1 17 0.00 4.19 0.00 0.000 38 
15:44:54.315 15:44:54.315  GPGGA 224510.000 3752.6906000 -12218.4496000 1 17 0.00 5.39 0.00 0.000 35 
15:44:55.313 15:44:55.313  GPGGA 224511.000 3752.6877000 -12218.4487000 1 17 0.00 6.03 0.00 0.000 39 
15:44:56.303 15:44:56.303  GPGGA 224512.000 3752.6848000 -12218.4480000 1 17 0.00 6.23 0.00 0.000 33 
15:44:57.312 15:44:57.312  GPGGA 224513.000 3752.6815000 -12218.4471000 1 17 0.00 5.91 0.00 0.000 3 
15:44:58.307 15:44:58.307  GPGGA 224514.000 3752.6779000 -12218.4461000 1 17 0.00 5.44 0.00 0.000 35 
15:44:59.310 15:44:59.310  GPGGA 224515.000 3752.6745000 -12218.4452000 1 17 0.00 5.79 0.00 0.000 35 
15:45:00.313 15:45:00.313  GPGGA 224516.000 3752.6714000 -12218.4443000 1 17 0.00 6.17 0.00 0.000 39 
15:45:01.313 15:45:01.313  GPGGA 224517.000 3752.6680000 -12218.4434000 1 16 0.00 5.81 0.00 0.000 39 
15:45:02.314 15:45:02.314  GPGGA 224518.000 3752.6643000 -12218.4421000 1 16 0.00 5.22 0.00 0.000 34 
15:45:03.301 15:45:03.301  GPGGA 224519.000 3752.6602000 -12218.4409000 1 17 0.00 4.57 0.00 0.000 38 
15:45:04.311 15:45:04.311  GPGGA 224520.000 3752.6542000 -12218.4391000 1 16 0.00 2.70 0.00 0.000 31 
15:45:05.307 15:45:05.307  GPGGA 224521.000 3752.6486000 -12218.4374000 1 17 0.00 2.17 0.00 0.000 32 
15:45:06.306 15:45:06.306  GPGGA 224522.000 3752.6430000 -12218.4357000 1 17 0.00 2.23 0.00 0.000 3 
15:45:07.306 15:45:07.306  GPGGA 224523.000 3752.6374000 -12218.4341000 1 17 0.00 2.40 0.00 0.000 3 
15:45:08.308 15:45:08.308  GPGGA 224524.000 3752.6318000 -12218.4324000 1 17 0.00 2.63 0.00 0.000 31 
15:45:09.308 15:45:09.308  GPGGA 224525.000 3752.6263000 -12218.4307000 1 17 0.00 2.81 0.00 0.000 30 
15:45:10.321 15:45:10.321  GPGGA 224526.000 3752.6208000 -12218.4291000 1 17 0.00 3.07 0.00 0.000 3 
15:45:11.312 15:45:11.313  GPGGA 224527.000 3752.6153000 -12218.4274000 1 17 0.00 3.21 0.00 0.000 3 
15:45:12.312 15:45:12.312  GPGGA 224528.000 3752.6097000 -12218.4258000 1 17 0.00 3.35 0.00 0.000 31 
15:45:13.303 15:45:13.303  GPGGA 224529.000 3752.6044000 -12218.4242000 1 17 0.00 3.69 0.00 0.000 3 
15:45:14.305 15:45:14.305  GPGGA 224530.000 3752.5991000 -12218.4227000 1 17 0.00 4.11 0.00 0.000 3 
15:45:15.312 15:45:15.312  GPGGA 224531.000 3752.5942000 -12218.4213000 1 16 0.00 5.22 0.00 0.000 35 
15:45:16.312 15:45:16.312  GPGGA 224532.000 3752.5900000 -12218.4200000 1 17 0.00 6.34 0.00 0.000 37 
15:45:17.306 15:45:17.306  GPGGA 224533.000 3752.5860000 -12218.4188000 1 17 0.00 6.92 0.00 0.000 3 
15:45:18.307 15:45:18.307  GPGGA 224534.000 3752.5819000 -12218.4176000 1 17 0.00 7.03 0.00 0.000 3 
15:45:19.313 15:45:19.313  GPGGA 224535.000 3752.5778000 -12218.4163000 1 17 0.00 7.17 0.00 0.000 37 
15:45:20.320 15:45:20.320  GPGGA 224536.000 3752.5743000 -12218.4153000 1 17 0.00 7.76 0.00 0.000 38 
15:45:21.307 15:45:21.307  GPGGA 224537.000 3752.5711000 -12218.4143000 1 17 0.00 8.17 0.00 0.000 37 
15:45:22.304 15:45:22.304  GPGGA 224538.000 3752.5679000 -12218.4134000 1 17 0.00 8.38 0.00 0.000 3 
15:45:23.304 15:45:23.304  GPGGA 224539.000 3752.5648000 -12218.4124000 1 17 0.00 8.35 0.00 0.000 35 
15:45:24.320 15:45:24.320  GPGGA 224540.000 3752.5616000 -12218.4114000 1 17 0.00 7.93 0.00 0.000 30 
15:45:25.313 15:45:25.313  GPGGA 224541.000 3752.5581000 -12218.4104000 1 17 0.00 7.49 0.00 0.000 3 
15:45:26.312 15:45:26.312  GPGGA 224542.000 3752.5539000 -12218.4091000 1 17 0.00 6.28 0.00 0.000 31 
15:45:27.306 15:45:27.306  GPGGA 224543.000 3752.5491000 -12218.4076000 1 17 0.00 5.19 0.00 0.000 3 
15:45:28.327 15:45:28.327  GPGGA 224544.000 3752.5440000 -12218.4061000 1 17 0.00 4.45 0.00 0.000 3 
15:45:29.307 15:45:29.307  GPGGA 224545.000 3752.5385000 -12218.4044000 1 17 0.00 3.69 0.00 0.000 3 
15:45:30.321 15:45:30.321  GPGGA 224546.000 3752.5328000 -12218.4027000 1 17 0.00 3.38 0.00 0.000 3 
15:45:31.330 15:45:31.330  GPGGA 224547.000 3752.5273000 -12218.4011000 1 17 0.00 3.46 0.00 0.000 38 
15:45:32.315 15:45:32.315  GPGGA 224548.000 3752.5219000 -12218.3995000 1 17 0.00 3.62 0.00 0.000 3 
15:45:33.316 15:45:33.316  GPGGA 224549.000 3752.5169000 -12218.3980000 1 17 0.00 4.13 0.00 0.000 3 
15:45:34.310 15:45:34.310  GPGGA 224550.000 3752.5120000 -12218.3965000 1 17 0.00 4.29 0.00 0.000 38 
15:45:35.310 15:45:35.310  GPGGA 224551.000 3752.5071000 -12218.3950000 1 17 0.00 4.40 0.00 0.000 35 
15:45:36.310 15:45:36.310  GPGGA 224552.000 3752.5023000 -12218.3935000 1 17 0.00 4.31 0.00 0.000 34 
15:45:37.303 15:45:37.303  GPGGA 224553.000 3752.4971000 -12218.3919000 1 17 0.00 3.71 0.00 0.000 37 
15:45:38.310 15:45:38.310  GPGGA 224554.000 3752.4912000 -12218.3900000 1 17 0.00 2.60 0.00 0.000 3 
15:45:39.305 15:45:39.305  GPGGA 224555.000 3752.4849000 -12218.3881000 1 17 0.00 1.86 0.00 0.000 31 
15:45:40.312 15:45:40.312  GPGGA 224556.000 3752.4786000 -12218.3861000 1 16 0.00 1.61 0.00 0.000 38 
15:45:41.316 15:45:41.316  GPGGA 224557.000 3752.4723000 -12218.3842000 1 17 0.00 1.63 0.00 0.000 34 
15:45:42.304 15:45:42.304  GPGGA 224558.000 3752.4661000 -12218.3823000 1 17 0.00 1.80 0.00 0.000 36 
15:45:43.310 15:45:43.310  GPGGA 224559.000 3752.4602000 -12218.3805000 1 17 0.00 2.13 0.00 0.000 3 
15:45:44.314 15:45:44.314  GPGGA 224600.000 3752.4542000 -12218.3786000 1 17 0.00 2.22 0.00 0.000 31 
15:45:45.308 15:45:45.308  GPGGA 224601.000 3752.4483000 -12218.3768000 1 17 0.00 2.33 0.00 0.000 3 
15:45:46.315 15:45:46.315  GPGGA 224602.000 3752.4426000 -12218.3750000 1 17 0.00 2.76 0.00 0.000 3 
15:45:47.313 15:45:47.313  GPGGA 224603.000 3752.4373000 -12218.3734000 1 17 0.00 3.69 0.00 0.000 31 
15:45:48.316 15:45:48.316  GPGGA 224604.000 3752.4326000 -12218.3719000 1 17 0.00 4.51 0.00 0.000 35 
15:45:49.312 15:45:49.312  GPGGA 224605.000 3752.4283000 -12218.3706000 1 17 0.00 5.40 0.00 0.000 35 
15:45:50.313 15:45:50.313  GPGGA 224606.000 3752.4246000 -12218.3695000 1 17 0.00 6.25 0.00 0.000 34 
15:45:51.306 15:45:51.306  GPGGA 224607.000 3752.4212000 -12218.3685000 1 17 0.00 6.73 0.00 0.000 36 
15:45:52.328 15:45:52.328  GPGGA 224608.000 3752.4179000 -12218.3674000 1 18 0.00 6.78 0.00 0.000 3 
15:45:53.314 15:45:53.314  GPGGA 224609.000 3752.4147000 -12218.3664000 1 18 0.00 6.72 0.00 0.000 3 
15:45:54.306 15:45:54.306  GPGGA 224610.000 3752.4116000 -12218.3654000 1 18 0.00 6.72 0.00 0.000 35 
15:45:55.316 15:45:55.316  GPGGA 224611.000 3752.4087000 -12218.3645000 1 18 0.00 6.73 0.00 0.000 3 
15:45:56.322 15:45:56.322  GPGGA 224612.000 3752.4062000 -12218.3637000 1 18 0.00 7.10 0.00 0.000 35 
15:45:57.324 15:45:57.324  GPGGA 224613.000 3752.4042000 -12218.3631000 1 18 0.00 7.43 0.00 0.000 36 
15:45:58.307 15:45:58.307  GPGGA 224614.000 3752.4024000 -12218.3626000 1 18 0.00 7.51 0.00 0.000 34 
15:45:59.319 15:45:59.320  GPGGA 224615.000 3752.4003000 -12218.3620000 1 18 0.00 6.92 0.00 0.000 38 
15:46:00.308 15:46:00.308  GPGGA 224616.000 3752.3976000 -12218.3612000 1 18 0.00 6.19 0.00 0.000 35 
15:46:01.312 15:46:01.312  GPGGA 224617.000 3752.3947000 -12218.3603000 1 18 0.00 5.91 0.00 0.000 35 
15:46:02.312 15:46:02.312  GPGGA 224618.000 3752.3922000 -12218.3596000 1 18 0.00 6.06 0.00 0.000 3 
15:46:03.323 15:46:03.323  GPGGA 224619.000 3752.3901000 -12218.3590000 1 17 0.00 6.31 0.00 0.000 36 
15:46:04.326 15:46:04.326  GPGGA 224620.000 3752.3883000 -12218.3584000 1 17 0.00 6.79 0.00 0.000 3 
15:46:05.313 15:46:05.314  GPGGA 224621.000 3752.3870000 -12218.3580000 1 17 0.00 6.96 0.00 0.000 36 
15:46:06.320 15:46:06.320  GPGGA 224622.000 3752.3851000 -12218.3575000 1 14 0.00 6.53 0.00 0.000 36 
15:46:07.315 15:46:07.315  GPGGA 224623.000 3752.3828000 -12218.3568000 1 12 0.00 6.31 0.00 0.000 37 
15:46:08.327 15:46:08.327  GPGGA 224624.000 3752.3803000 -12218.3561000 1 12 0.00 6.12 0.00 0.000 31 
15:46:09.315 15:46:09.315  GPGGA 224625.000 3752.3778000 -12218.3553000 1 12 0.00 5.95 0.00 0.000 3 
15:46:10.320 15:46:10.320  GPGGA 224626.000 3752.3749000 -12218.3544000 1 12 0.00 5.52 0.00 0.000 32 
15:46:11.316 15:46:11.317  GPGGA 224627.000 3752.3721000 -12218.3536000 1 12 0.00 5.45 0.00 0.000 3 
15:46:12.325 15:46:12.325  GPGGA 224628.000 3752.3693000 -12218.3527000 1 12 0.00 5.25 0.00 0.000 3 
15:46:13.315 15:46:13.315  GPGGA 224629.000 3752.3662000 -12218.3518000 1 12 0.00 4.82 0.00 0.000 30 
15:46:14.327 15:46:14.327  GPGGA 224630.000 3752.3626000 -12218.3508000 1 12 0.00 4.02 0.00 0.000 31 
15:46:15.327 15:46:15.327  GPGGA 224631.000 3752.3589000 -12218.3496000 1 12 0.00 3.57 0.00 0.000 37 
15:46:16.309 15:46:16.309  GPGGA 224632.000 3752.3550000 -12218.3484000 1 12 0.00 3.26 0.00 0.000 35 
15:46:17.313 15:46:17.313  GPGGA 224633.000 3752.3510000 -12218.3471000 1 12 0.00 2.97 0.00 0.000 31 
15:46:18.314 15:46:18.314  GPGGA 224634.000 3752.3468000 -12218.3458000 1 15 0.00 2.68 0.00 0.000 34 
15:46:19.326 15:46:19.326  GPGGA 224635.000 3752.3424000 -12218.3445000 1 15 0.00 2.52 0.00 0.000 38 
15:46:20.325 15:46:20.325  GPGGA 224636.000 3752.3379000 -12218.3431000 1 15 0.00 2.23 0.00 0.000 31 
15:46:21.326 15:46:21.326  GPGGA 224637.000 3752.3333000 -12218.3416000 1 17 0.00 2.02 0.00 0.000 3 
