Receiving GPS point for DB variable 8001
writing output to stdout
12:14:41.721 12:14:41.721  GPGGA 191458.000 3754.9116000 -12220.1015000 1 13 0.00 1.11 0.00 0.000 3 
12:14:42.734 12:14:42.734  GPGGA 191459.000 3754.9116000 -12220.1015000 1 13 0.00 0.96 0.00 0.000 31 
12:14:43.722 12:14:43.722  GPGGA 191500.000 3754.9116000 -12220.1015000 1 13 0.00 0.81 0.00 0.000 3 
12:14:44.725 12:14:44.726  GPGGA 191501.000 3754.9116000 -12220.1015000 1 14 0.00 0.61 0.00 0.000 32 
12:14:45.724 12:14:45.724  GPGGA 191502.000 3754.9116000 -12220.1013000 1 14 0.00 0.32 0.00 0.000 31 
12:14:46.727 12:14:46.727  GPGGA 191503.000 3754.9115000 -12220.1012000 1 14 0.00 0.05 0.00 0.000 36 
12:14:47.727 12:14:47.727  GPGGA 191504.000 3754.9115000 -12220.1011000 1 14 0.00 -0.22 0.00 0.000 1 
12:14:48.731 12:14:48.731  GPGGA 191505.000 3754.9114000 -12220.1010000 1 14 0.00 -0.48 0.00 0.000 17 
12:14:49.735 12:14:49.735  GPGGA 191506.000 3754.9114000 -12220.1008000 1 14 0.00 -0.71 0.00 0.000 17 
12:14:50.736 12:14:50.736  GPGGA 191507.000 3754.9114000 -12220.1007000 1 14 0.00 -0.93 0.00 0.000 15 
12:14:51.726 12:14:51.726  GPGGA 191508.000 3754.9113000 -12220.1006000 1 14 0.00 -1.12 0.00 0.000 14 
12:14:52.732 12:14:52.732  GPGGA 191509.000 3754.9113000 -12220.1006000 1 14 0.00 -1.30 0.00 0.000 15 
12:14:53.725 12:14:53.725  GPGGA 191510.000 3754.9113000 -12220.1005000 1 14 0.00 -1.47 0.00 0.000 1 
12:14:54.734 12:14:54.734  GPGGA 191511.000 3754.9113000 -12220.1005000 1 14 0.00 -1.62 0.00 0.000 18 
12:14:55.731 12:14:55.731  GPGGA 191512.000 3754.9113000 -12220.1004000 1 14 0.00 -1.73 0.00 0.000 1 
12:14:56.739 12:14:56.739  GPGGA 191513.000 3754.9113000 -12220.1004000 1 16 0.00 -1.82 0.00 0.000 17 
12:14:57.733 12:14:57.733  GPGGA 191514.000 3754.9112000 -12220.1003000 1 16 0.00 -1.91 0.00 0.000 14 
12:14:58.726 12:14:58.726  GPGGA 191515.000 3754.9112000 -12220.1003000 1 16 0.00 -1.97 0.00 0.000 13 
12:14:59.734 12:14:59.734  GPGGA 191516.000 3754.9112000 -12220.1002000 1 16 0.00 -2.01 0.00 0.000 1 
12:15:00.743 12:15:00.743  GPGGA 191517.000 3754.9112000 -12220.1002000 1 16 0.00 -2.05 0.00 0.000 18 
12:15:01.726 12:15:01.726  GPGGA 191518.000 3754.9112000 -12220.1002000 1 16 0.00 -2.09 0.00 0.000 1 
12:15:02.737 12:15:02.737  GPGGA 191519.000 3754.9112000 -12220.1002000 1 16 0.00 -2.13 0.00 0.000 11 
12:15:03.726 12:15:03.726  GPGGA 191520.000 3754.9112000 -12220.1001000 1 16 0.00 -2.16 0.00 0.000 1 
