Receiving GPS point for DB variable 8001
writing output to stdout
15:26:29.145 15:26:29.146  GPGGA 222646.000 3754.9086000 -12220.1039000 1 10 0.00 4.61 0.00 0.000 3 
15:26:29.618 15:26:29.618  GPGGA 222647.000 3754.9086000 -12220.1039000 1 10 0.00 4.69 0.00 0.000 36 
15:26:30.613 15:26:30.613  GPGGA 222648.000 3754.9085000 -12220.1032000 1 11 0.00 4.88 0.00 0.000 3 
15:26:31.604 15:26:31.604  GPGGA 222649.000 3754.9084000 -12220.1028000 1 11 0.00 4.89 0.00 0.000 35 
15:26:32.614 15:26:32.614  GPGGA 222650.000 3754.9084000 -12220.1025000 1 11 0.00 4.89 0.00 0.000 30 
15:26:33.613 15:26:33.613  GPGGA 222651.000 3754.9083000 -12220.1023000 1 11 0.00 4.82 0.00 0.000 3 
15:26:34.613 15:26:34.613  GPGGA 222652.000 3754.9083000 -12220.1020000 1 11 0.00 4.98 0.00 0.000 30 
15:26:35.613 15:26:35.613  GPGGA 222653.000 3754.9083000 -12220.1018000 1 11 0.00 5.12 0.00 0.000 39 
15:26:36.615 15:26:36.615  GPGGA 222654.000 3754.9083000 -12220.1017000 1 11 0.00 5.17 0.00 0.000 34 
15:26:37.602 15:26:37.602  GPGGA 222655.000 3754.9083000 -12220.1015000 1 11 0.00 5.17 0.00 0.000 37 
15:26:38.614 15:26:38.614  GPGGA 222656.000 3754.9083000 -12220.1014000 1 11 0.00 5.19 0.00 0.000 3 
15:26:39.614 15:26:39.614  GPGGA 222657.000 3754.9083000 -12220.1011000 1 12 0.00 5.65 0.00 0.000 37 
15:26:40.615 15:26:40.615  GPGGA 222658.000 3754.9084000 -12220.1009000 1 12 0.00 6.04 0.00 0.000 32 
15:26:41.609 15:26:41.609  GPGGA 222659.000 3754.9084000 -12220.1006000 1 12 0.00 6.42 0.00 0.000 3 
15:26:42.615 15:26:42.615  GPGGA 222700.000 3754.9085000 -12220.1004000 1 12 0.00 6.73 0.00 0.000 32 
15:26:43.603 15:26:43.603  GPGGA 222701.000 3754.9085000 -12220.1003000 1 12 0.00 6.85 0.00 0.000 3 
15:26:44.614 15:26:44.614  GPGGA 222702.000 3754.9085000 -12220.1001000 1 12 0.00 7.08 0.00 0.000 38 
15:26:45.608 15:26:45.608  GPGGA 222703.000 3754.9085000 -12220.0999000 1 12 0.00 7.30 0.00 0.000 3 
15:26:46.615 15:26:46.615  GPGGA 222704.000 3754.9085000 -12220.0998000 1 12 0.00 7.49 0.00 0.000 33 
15:26:47.603 15:26:47.603  GPGGA 222705.000 3754.9086000 -12220.0997000 1 12 0.00 7.63 0.00 0.000 36 
15:26:48.616 15:26:48.616  GPGGA 222706.000 3754.9087000 -12220.0996000 1 12 0.00 7.84 0.00 0.000 3 
15:26:49.613 15:26:49.613  GPGGA 222707.000 3754.9087000 -12220.0994000 1 12 0.00 8.09 0.00 0.000 35 
15:26:50.615 15:26:50.615  GPGGA 222708.000 3754.9088000 -12220.0993000 1 12 0.00 8.38 0.00 0.000 30 
15:26:51.609 15:26:51.609  GPGGA 222709.000 3754.9089000 -12220.0992000 1 12 0.00 8.58 0.00 0.000 37 
15:26:52.615 15:26:52.615  GPGGA 222710.000 3754.9089000 -12220.0991000 1 12 0.00 8.68 0.00 0.000 3 
15:26:53.611 15:26:53.611  GPGGA 222711.000 3754.9089000 -12220.0990000 1 12 0.00 8.72 0.00 0.000 34 
15:26:54.616 15:26:54.616  GPGGA 222712.000 3754.9090000 -12220.0989000 1 12 0.00 8.77 0.00 0.000 32 
15:26:55.613 15:26:55.613  GPGGA 222713.000 3754.9090000 -12220.0988000 1 12 0.00 8.83 0.00 0.000 39 
15:26:56.616 15:26:56.616  GPGGA 222714.000 3754.9091000 -12220.0988000 1 12 0.00 8.85 0.00 0.000 39 
15:26:57.613 15:26:57.613  GPGGA 222715.000 3754.9091000 -12220.0987000 1 12 0.00 8.85 0.00 0.000 37 
15:26:58.615 15:26:58.615  GPGGA 222716.000 3754.9092000 -12220.0987000 1 12 0.00 8.87 0.00 0.000 35 
15:26:59.611 15:26:59.611  GPGGA 222717.000 3754.9092000 -12220.0986000 1 12 0.00 8.89 0.00 0.000 3 
15:27:00.619 15:27:00.619  GPGGA 222718.000 3754.9093000 -12220.0986000 1 12 0.00 8.91 0.00 0.000 3 
15:27:01.602 15:27:01.602  GPGGA 222719.000 3754.9094000 -12220.0985000 1 12 0.00 8.92 0.00 0.000 3 
15:27:02.616 15:27:02.616  GPGGA 222720.000 3754.9094000 -12220.0985000 1 12 0.00 8.92 0.00 0.000 30 
15:27:03.603 15:27:03.603  GPGGA 222721.000 3754.9095000 -12220.0985000 1 12 0.00 8.88 0.00 0.000 3 
15:27:04.616 15:27:04.617  GPGGA 222722.000 3754.9095000 -12220.0985000 1 12 0.00 8.88 0.00 0.000 38 
15:27:05.611 15:27:05.611  GPGGA 222723.000 3754.9096000 -12220.0985000 1 12 0.00 8.91 0.00 0.000 32 
15:27:06.617 15:27:06.617  GPGGA 222724.000 3754.9096000 -12220.0985000 1 12 0.00 8.93 0.00 0.000 37 
15:27:07.615 15:27:07.615  GPGGA 222725.000 3754.9096000 -12220.0985000 1 12 0.00 8.93 0.00 0.000 36 
15:27:08.623 15:27:08.624  GPGGA 222726.000 3754.9097000 -12220.0985000 1 12 0.00 8.93 0.00 0.000 34 
15:27:09.603 15:27:09.604  GPGGA 222727.000 3754.9097000 -12220.0985000 1 11 0.00 8.84 0.00 0.000 30 
15:27:10.604 15:27:10.604  GPGGA 222728.000 3754.9097000 -12220.0985000 1 11 0.00 8.82 0.00 0.000 39 
15:27:11.619 15:27:11.619  GPGGA 222729.000 3754.9097000 -12220.0984000 1 11 0.00 8.83 0.00 0.000 38 
15:27:12.617 15:27:12.617  GPGGA 222730.000 3754.9098000 -12220.0984000 1 11 0.00 8.82 0.00 0.000 3 
15:27:13.620 15:27:13.620  GPGGA 222731.000 3754.9098000 -12220.0984000 1 11 0.00 8.77 0.00 0.000 35 
15:27:14.617 15:27:14.617  GPGGA 222732.000 3754.9098000 -12220.0984000 1 12 0.00 8.77 0.00 0.000 35 
15:27:15.610 15:27:15.610  GPGGA 222733.000 3754.9098000 -12220.0984000 1 12 0.00 8.80 0.00 0.000 3 
15:27:16.617 15:27:16.617  GPGGA 222734.000 3754.9099000 -12220.0984000 1 11 0.00 8.76 0.00 0.000 30 
15:27:17.604 15:27:17.604  GPGGA 222735.000 3754.9099000 -12220.0984000 1 12 0.00 8.76 0.00 0.000 32 
15:27:18.618 15:27:18.618  GPGGA 222736.000 3754.9099000 -12220.0984000 1 12 0.00 8.78 0.00 0.000 3 
15:27:19.604 15:27:19.604  GPGGA 222737.000 3754.9099000 -12220.0983000 1 12 0.00 8.81 0.00 0.000 3 
15:27:20.625 15:27:20.625  GPGGA 222738.000 3754.9099000 -12220.0983000 1 12 0.00 8.81 0.00 0.000 30 
15:27:21.625 15:27:21.625  GPGGA 222739.000 3754.9099000 -12220.0984000 1 12 0.00 8.80 0.00 0.000 37 
15:27:22.619 15:27:22.619  GPGGA 222740.000 3754.9099000 -12220.0984000 1 12 0.00 8.74 0.00 0.000 32 
15:27:23.614 15:27:23.614  GPGGA 222741.000 3754.9100000 -12220.0984000 1 12 0.00 8.70 0.00 0.000 36 
15:27:24.616 15:27:24.616  GPGGA 222742.000 3754.9100000 -12220.0984000 1 12 0.00 8.63 0.00 0.000 37 
15:27:25.611 15:27:25.611  GPGGA 222743.000 3754.9100000 -12220.0984000 1 12 0.00 8.54 0.00 0.000 32 
15:27:26.618 15:27:26.618  GPGGA 222744.000 3754.9100000 -12220.0985000 1 12 0.00 8.47 0.00 0.000 36 
15:27:27.622 15:27:27.622  GPGGA 222745.000 3754.9100000 -12220.0985000 1 12 0.00 8.39 0.00 0.000 3 
15:27:28.625 15:27:28.625  GPGGA 222746.000 3754.9101000 -12220.0985000 1 12 0.00 8.27 0.00 0.000 33 
15:27:29.622 15:27:29.622  GPGGA 222747.000 3754.9101000 -12220.0986000 1 12 0.00 8.13 0.00 0.000 36 
15:27:30.618 15:27:30.618  GPGGA 222748.000 3754.9100000 -12220.0986000 1 12 0.00 8.00 0.00 0.000 3 
15:27:31.625 15:27:31.625  GPGGA 222749.000 3754.9101000 -12220.0986000 1 12 0.00 7.92 0.00 0.000 3 
15:27:32.622 15:27:32.622  GPGGA 222750.000 3754.9101000 -12220.0986000 1 12 0.00 7.86 0.00 0.000 33 
15:27:33.620 15:27:33.620  GPGGA 222751.000 3754.9100000 -12220.0986000 1 12 0.00 7.76 0.00 0.000 3 
15:27:34.617 15:27:34.617  GPGGA 222752.000 3754.9100000 -12220.0986000 1 12 0.00 7.64 0.00 0.000 3 
15:27:35.629 15:27:35.629  GPGGA 222753.000 3754.9100000 -12220.0986000 1 12 0.00 7.54 0.00 0.000 3 
15:27:36.619 15:27:36.619  GPGGA 222754.000 3754.9100000 -12220.0986000 1 12 0.00 7.42 0.00 0.000 3 
15:27:37.610 15:27:37.610  GPGGA 222755.000 3754.9100000 -12220.0986000 1 11 0.00 7.33 0.00 0.000 3 
15:27:38.617 15:27:38.617  GPGGA 222756.000 3754.9100000 -12220.0986000 1 12 0.00 7.20 0.00 0.000 38 
15:27:39.624 15:27:39.624  GPGGA 222757.000 3754.9100000 -12220.0986000 1 12 0.00 7.11 0.00 0.000 3 
15:27:40.607 15:27:40.607  GPGGA 222758.000 3754.9100000 -12220.0987000 1 12 0.00 7.02 0.00 0.000 37 
15:27:41.623 15:27:41.623  GPGGA 222759.000 3754.9101000 -12220.0987000 1 12 0.00 6.92 0.00 0.000 3 
15:27:42.627 15:27:42.627  GPGGA 222800.000 3754.9101000 -12220.0987000 1 12 0.00 6.85 0.00 0.000 3 
15:27:43.613 15:27:43.613  GPGGA 222801.000 3754.9101000 -12220.0987000 1 11 0.00 6.78 0.00 0.000 3 
15:27:44.619 15:27:44.619  GPGGA 222802.000 3754.9101000 -12220.0987000 1 12 0.00 6.68 0.00 0.000 3 
15:27:45.621 15:27:45.621  GPGGA 222803.000 3754.9101000 -12220.0987000 1 12 0.00 6.58 0.00 0.000 39 
15:27:46.621 15:27:46.621  GPGGA 222804.000 3754.9101000 -12220.0988000 1 12 0.00 6.46 0.00 0.000 3 
15:27:47.610 15:27:47.610  GPGGA 222805.000 3754.9101000 -12220.0988000 1 12 0.00 6.39 0.00 0.000 37 
15:27:48.622 15:27:48.622  GPGGA 222806.000 3754.9102000 -12220.0988000 1 11 0.00 6.32 0.00 0.000 3 
15:27:49.612 15:27:49.612  GPGGA 222807.000 3754.9102000 -12220.0988000 1 12 0.00 6.30 0.00 0.000 3 
15:27:50.620 15:27:50.620  GPGGA 222808.000 3754.9102000 -12220.0988000 1 11 0.00 6.23 0.00 0.000 31 
15:27:51.613 15:27:51.613  GPGGA 222809.000 3754.9102000 -12220.0987000 1 12 0.00 6.16 0.00 0.000 3 
15:27:52.626 15:27:52.626  GPGGA 222810.000 3754.9102000 -12220.0987000 1 12 0.00 6.11 0.00 0.000 35 
15:27:53.613 15:27:53.613  GPGGA 222811.000 3754.9102000 -12220.0987000 1 12 0.00 6.04 0.00 0.000 30 
15:27:54.620 15:27:54.620  GPGGA 222812.000 3754.9101000 -12220.0987000 1 12 0.00 5.96 0.00 0.000 38 
15:27:55.626 15:27:55.626  GPGGA 222813.000 3754.9101000 -12220.0987000 1 12 0.00 5.87 0.00 0.000 39 
15:27:56.621 15:27:56.621  GPGGA 222814.000 3754.9101000 -12220.0987000 1 12 0.00 5.77 0.00 0.000 31 
15:27:57.626 15:27:57.626  GPGGA 222815.000 3754.9101000 -12220.0986000 1 12 0.00 5.66 0.00 0.000 31 
15:27:58.621 15:27:58.621  GPGGA 222816.000 3754.9101000 -12220.0986000 1 12 0.00 5.55 0.00 0.000 32 
15:27:59.625 15:27:59.625  GPGGA 222817.000 3754.9100000 -12220.0986000 1 12 0.00 5.43 0.00 0.000 35 
15:28:00.609 15:28:00.609  GPGGA 222818.000 3754.9100000 -12220.0986000 1 12 0.00 5.28 0.00 0.000 37 
15:28:01.625 15:28:01.625  GPGGA 222819.000 3754.9100000 -12220.0985000 1 12 0.00 5.12 0.00 0.000 3 
15:28:02.621 15:28:02.621  GPGGA 222820.000 3754.9100000 -12220.0985000 1 12 0.00 4.98 0.00 0.000 35 
15:28:03.615 15:28:03.615  GPGGA 222821.000 3754.9099000 -12220.0985000 1 12 0.00 4.89 0.00 0.000 35 
15:28:04.625 15:28:04.625  GPGGA 222822.000 3754.9099000 -12220.0985000 1 12 0.00 4.74 0.00 0.000 34 
15:28:05.711 15:28:05.711  GPGGA 222823.000 3754.9099000 -12220.0985000 1 12 0.00 4.62 0.00 0.000 32 
15:28:06.811 15:28:06.811  GPGGA 222824.000 3754.9100000 -12220.0985000 1 12 0.00 4.46 0.00 0.000 32 
15:28:07.910 15:28:07.910  GPGGA 222825.000 3754.9100000 -12220.0985000 1 12 0.00 4.36 0.00 0.000 34 
15:28:10.735 15:28:10.735  GPGGA 222826.000 3754.9100000 -12220.0985000 1 12 0.00 4.26 0.00 0.000 36 
15:28:11.836 15:28:11.836  GPGGA 222827.000 3754.9100000 -12220.0985000 1 12 0.00 4.14 0.00 0.000 36 
15:28:12.928 15:28:12.928  GPGGA 222828.000 3754.9100000 -12220.0985000 1 12 0.00 4.01 0.00 0.000 3 
15:28:14.017 15:28:14.017  GPGGA 222829.000 3754.9100000 -12220.0985000 1 12 0.00 3.84 0.00 0.000 36 
15:28:15.127 15:28:15.127  GPGGA 222830.000 3754.9100000 -12220.0985000 1 12 0.00 3.75 0.00 0.000 30 
15:28:16.234 15:28:16.234  GPGGA 222832.000 3754.9100000 -12220.0985000 1 14 0.00 3.72 0.00 0.000 33 
15:28:17.221 15:28:17.221  GPGGA 222833.000 3754.9100000 -12220.0985000 1 14 0.00 3.71 0.00 0.000 31 
15:28:18.233 15:28:18.233  GPGGA 222834.000 3754.9100000 -12220.0985000 1 14 0.00 3.71 0.00 0.000 36 
15:28:19.237 15:28:19.237  GPGGA 222835.000 3754.9100000 -12220.0984000 1 14 0.00 3.75 0.00 0.000 32 
15:28:20.212 15:28:20.212  GPGGA 222836.000 3754.9100000 -12220.0984000 1 14 0.00 3.83 0.00 0.000 38 
15:28:21.234 15:28:21.234  GPGGA 222837.000 3754.9100000 -12220.0984000 1 14 0.00 3.90 0.00 0.000 3 
15:28:22.229 15:28:22.229  GPGGA 222838.000 3754.9100000 -12220.0984000 1 14 0.00 3.98 0.00 0.000 3 
15:28:23.204 15:28:23.204  GPGGA 222839.000 3754.9100000 -12220.0984000 1 14 0.00 4.05 0.00 0.000 3 
15:28:24.229 15:28:24.229  GPGGA 222840.000 3754.9099000 -12220.0984000 1 14 0.00 4.13 0.00 0.000 36 
15:28:25.213 15:28:25.213  GPGGA 222841.000 3754.9099000 -12220.0984000 1 14 0.00 4.22 0.00 0.000 35 
15:28:26.217 15:28:26.217  GPGGA 222842.000 3754.9099000 -12220.0984000 1 14 0.00 4.36 0.00 0.000 33 
15:28:27.249 15:28:27.249  GPGGA 222843.000 3754.9099000 -12220.0984000 1 14 0.00 4.50 0.00 0.000 32 
15:28:28.228 15:28:28.228  GPGGA 222844.000 3754.9098000 -12220.0983000 1 14 0.00 4.61 0.00 0.000 31 
15:28:29.234 15:28:29.234  GPGGA 222845.000 3754.9098000 -12220.0983000 1 14 0.00 4.71 0.00 0.000 31 
15:28:30.206 15:28:30.206  GPGGA 222846.000 3754.9098000 -12220.0982000 1 14 0.00 4.83 0.00 0.000 3 
15:28:31.241 15:28:31.241  GPGGA 222847.000 3754.9097000 -12220.0982000 1 14 0.00 4.93 0.00 0.000 31 
15:28:32.246 15:28:32.246  GPGGA 222848.000 3754.9097000 -12220.0982000 1 14 0.00 5.04 0.00 0.000 31 
15:28:33.227 15:28:33.227  GPGGA 222849.000 3754.9097000 -12220.0982000 1 14 0.00 5.12 0.00 0.000 37 
15:28:34.228 15:28:34.228  GPGGA 222850.000 3754.9097000 -12220.0982000 1 14 0.00 5.21 0.00 0.000 3 
15:28:35.237 15:28:35.237  GPGGA 222851.000 3754.9098000 -12220.0982000 1 14 0.00 5.27 0.00 0.000 37 
15:28:36.230 15:28:36.230  GPGGA 222852.000 3754.9098000 -12220.0982000 1 14 0.00 5.36 0.00 0.000 34 
15:28:37.233 15:28:37.233  GPGGA 222853.000 3754.9098000 -12220.0982000 1 14 0.00 5.41 0.00 0.000 35 
15:28:38.211 15:28:38.211  GPGGA 222854.000 3754.9098000 -12220.0982000 1 14 0.00 5.45 0.00 0.000 36 
15:28:39.218 15:28:39.218  GPGGA 222855.000 3754.9098000 -12220.0982000 1 14 0.00 5.48 0.00 0.000 3 
15:28:40.231 15:28:40.231  GPGGA 222856.000 3754.9098000 -12220.0982000 1 14 0.00 5.57 0.00 0.000 37 
15:28:41.216 15:28:41.216  GPGGA 222857.000 3754.9098000 -12220.0982000 1 14 0.00 5.62 0.00 0.000 30 
15:28:42.231 15:28:42.231  GPGGA 222858.000 3754.9098000 -12220.0982000 1 14 0.00 5.62 0.00 0.000 3 
15:28:43.208 15:28:43.208  GPGGA 222859.000 3754.9098000 -12220.0982000 1 14 0.00 5.64 0.00 0.000 38 
15:28:44.230 15:28:44.230  GPGGA 222900.000 3754.9099000 -12220.0982000 1 14 0.00 5.67 0.00 0.000 37 
15:28:45.229 15:28:45.229  GPGGA 222901.000 3754.9099000 -12220.0982000 1 14 0.00 5.67 0.00 0.000 36 
15:28:46.223 15:28:46.223  GPGGA 222902.000 3754.9099000 -12220.0983000 1 14 0.00 5.64 0.00 0.000 37 
15:28:47.228 15:28:47.228  GPGGA 222903.000 3754.9099000 -12220.0983000 1 14 0.00 5.61 0.00 0.000 33 
15:28:48.244 15:28:48.244  GPGGA 222904.000 3754.9099000 -12220.0983000 1 14 0.00 5.59 0.00 0.000 3 
15:28:49.230 15:28:49.230  GPGGA 222905.000 3754.9099000 -12220.0983000 1 14 0.00 5.57 0.00 0.000 30 
15:28:50.221 15:28:50.221  GPGGA 222906.000 3754.9099000 -12220.0983000 1 14 0.00 5.52 0.00 0.000 36 
15:28:51.230 15:28:51.230  GPGGA 222907.000 3754.9100000 -12220.0983000 1 14 0.00 5.44 0.00 0.000 31 
15:28:52.229 15:28:52.229  GPGGA 222908.000 3754.9100000 -12220.0983000 1 14 0.00 5.40 0.00 0.000 3 
15:28:53.229 15:28:53.229  GPGGA 222909.000 3754.9100000 -12220.0982000 1 15 0.00 5.34 0.00 0.000 38 
15:28:54.232 15:28:54.232  GPGGA 222910.000 3754.9100000 -12220.0982000 1 15 0.00 5.22 0.00 0.000 37 
15:28:55.227 15:28:55.227  GPGGA 222911.000 3754.9100000 -12220.0982000 1 15 0.00 5.04 0.00 0.000 32 
15:28:56.225 15:28:56.226  GPGGA 222912.000 3754.9100000 -12220.0983000 1 15 0.00 4.83 0.00 0.000 3 
15:28:57.239 15:28:57.240  GPGGA 222913.000 3754.9101000 -12220.0983000 1 15 0.00 4.66 0.00 0.000 35 
15:28:58.242 15:28:58.242  GPGGA 222914.000 3754.9101000 -12220.0983000 1 15 0.00 4.47 0.00 0.000 31 
15:28:59.225 15:28:59.225  GPGGA 222915.000 3754.9101000 -12220.0983000 1 15 0.00 4.21 0.00 0.000 30 
15:29:00.218 15:29:00.218  GPGGA 222916.000 3754.9101000 -12220.0983000 1 15 0.00 3.94 0.00 0.000 3 
15:29:01.217 15:29:01.217  GPGGA 222917.000 3754.9101000 -12220.0983000 1 15 0.00 3.71 0.00 0.000 30 
15:29:02.241 15:29:02.241  GPGGA 222918.000 3754.9101000 -12220.0983000 1 15 0.00 3.54 0.00 0.000 38 
15:29:03.238 15:29:03.238  GPGGA 222919.000 3754.9101000 -12220.0983000 1 15 0.00 3.39 0.00 0.000 32 
15:29:04.229 15:29:04.229  GPGGA 222920.000 3754.9101000 -12220.0983000 1 15 0.00 3.29 0.00 0.000 39 
15:29:05.242 15:29:05.242  GPGGA 222921.000 3754.9102000 -12220.0983000 1 15 0.00 3.15 0.00 0.000 34 
15:29:06.231 15:29:06.231  GPGGA 222922.000 3754.9102000 -12220.0982000 1 15 0.00 3.05 0.00 0.000 37 
15:29:07.223 15:29:07.223  GPGGA 222923.000 3754.9103000 -12220.0982000 1 15 0.00 2.97 0.00 0.000 3 
15:29:08.238 15:29:08.238  GPGGA 222924.000 3754.9103000 -12220.0982000 1 15 0.00 2.87 0.00 0.000 3 
15:29:09.248 15:29:09.248  GPGGA 222925.000 3754.9104000 -12220.0982000 1 15 0.00 2.83 0.00 0.000 39 
15:29:10.226 15:29:10.226  GPGGA 222926.000 3754.9104000 -12220.0982000 1 15 0.00 2.76 0.00 0.000 30 
15:29:11.242 15:29:11.242  GPGGA 222927.000 3754.9105000 -12220.0982000 1 14 0.00 2.70 0.00 0.000 37 
15:29:12.234 15:29:12.234  GPGGA 222928.000 3754.9105000 -12220.0981000 1 15 0.00 2.73 0.00 0.000 39 
15:29:13.245 15:29:13.245  GPGGA 222929.000 3754.9105000 -12220.0981000 1 15 0.00 2.79 0.00 0.000 32 
15:29:14.235 15:29:14.235  GPGGA 222930.000 3754.9105000 -12220.0981000 1 15 0.00 2.83 0.00 0.000 3 
15:29:15.236 15:29:15.236  GPGGA 222931.000 3754.9106000 -12220.0981000 1 15 0.00 2.82 0.00 0.000 3 
15:29:16.230 15:29:16.230  GPGGA 222932.000 3754.9106000 -12220.0981000 1 15 0.00 2.87 0.00 0.000 3 
15:29:17.225 15:29:17.225  GPGGA 222933.000 3754.9107000 -12220.0981000 1 15 0.00 2.95 0.00 0.000 39 
15:29:18.232 15:29:18.232  GPGGA 222934.000 3754.9107000 -12220.0981000 1 15 0.00 3.03 0.00 0.000 30 
15:29:19.244 15:29:19.244  GPGGA 222935.000 3754.9107000 -12220.0981000 1 15 0.00 3.09 0.00 0.000 3 
15:29:20.231 15:29:20.231  GPGGA 222936.000 3754.9108000 -12220.0982000 1 15 0.00 3.17 0.00 0.000 3 
15:29:21.226 15:29:21.226  GPGGA 222937.000 3754.9108000 -12220.0982000 1 15 0.00 3.20 0.00 0.000 3 
15:29:22.232 15:29:22.232  GPGGA 222938.000 3754.9107000 -12220.0983000 1 15 0.00 3.15 0.00 0.000 39 
15:29:23.232 15:29:23.232  GPGGA 222939.000 3754.9107000 -12220.0983000 1 15 0.00 3.08 0.00 0.000 34 
15:29:24.225 15:29:24.225  GPGGA 222940.000 3754.9107000 -12220.0984000 1 15 0.00 2.98 0.00 0.000 35 
15:29:25.243 15:29:25.243  GPGGA 222941.000 3754.9107000 -12220.0985000 1 15 0.00 2.91 0.00 0.000 3 
15:29:26.246 15:29:26.246  GPGGA 222942.000 3754.9107000 -12220.0985000 1 15 0.00 2.87 0.00 0.000 38 
15:29:27.251 15:29:27.251  GPGGA 222943.000 3754.9107000 -12220.0986000 1 15 0.00 2.88 0.00 0.000 35 
15:29:28.231 15:29:28.231  GPGGA 222944.000 3754.9107000 -12220.0986000 1 15 0.00 2.91 0.00 0.000 3 
15:29:29.246 15:29:29.246  GPGGA 222945.000 3754.9107000 -12220.0986000 1 15 0.00 2.96 0.00 0.000 3 
15:29:30.234 15:29:30.234  GPGGA 222946.000 3754.9107000 -12220.0986000 1 15 0.00 3.03 0.00 0.000 32 
15:29:31.244 15:29:31.244  GPGGA 222947.000 3754.9107000 -12220.0986000 1 15 0.00 3.11 0.00 0.000 30 
15:29:32.241 15:29:32.241  GPGGA 222948.000 3754.9107000 -12220.0987000 1 15 0.00 3.17 0.00 0.000 38 
15:29:33.235 15:29:33.235  GPGGA 222949.000 3754.9106000 -12220.0987000 1 15 0.00 3.25 0.00 0.000 39 
15:29:34.229 15:29:34.229  GPGGA 222950.000 3754.9106000 -12220.0987000 1 15 0.00 3.38 0.00 0.000 3 
15:29:35.220 15:29:35.220  GPGGA 222951.000 3754.9106000 -12220.0987000 1 15 0.00 3.50 0.00 0.000 32 
15:29:36.232 15:29:36.232  GPGGA 222952.000 3754.9105000 -12220.0986000 1 15 0.00 3.61 0.00 0.000 31 
15:29:37.238 15:29:37.238  GPGGA 222953.000 3754.9105000 -12220.0986000 1 15 0.00 3.69 0.00 0.000 38 
15:29:38.235 15:29:38.235  GPGGA 222954.000 3754.9105000 -12220.0986000 1 15 0.00 3.74 0.00 0.000 33 
15:29:39.245 15:29:39.245  GPGGA 222955.000 3754.9104000 -12220.0986000 1 15 0.00 3.76 0.00 0.000 31 
15:29:40.238 15:29:40.238  GPGGA 222956.000 3754.9104000 -12220.0987000 1 15 0.00 3.78 0.00 0.000 3 
15:29:41.237 15:29:41.237  GPGGA 222957.000 3754.9104000 -12220.0987000 1 15 0.00 3.77 0.00 0.000 33 
15:29:42.243 15:29:42.243  GPGGA 222958.000 3754.9104000 -12220.0987000 1 15 0.00 3.79 0.00 0.000 32 
15:29:43.246 15:29:43.246  GPGGA 222959.000 3754.9104000 -12220.0987000 1 15 0.00 3.83 0.00 0.000 36 
15:29:44.223 15:29:44.223  GPGGA 223000.000 3754.9104000 -12220.0987000 1 15 0.00 3.90 0.00 0.000 30 
15:29:45.240 15:29:45.240  GPGGA 223001.000 3754.9104000 -12220.0987000 1 15 0.00 4.01 0.00 0.000 3 
15:29:46.232 15:29:46.233  GPGGA 223002.000 3754.9104000 -12220.0987000 1 15 0.00 4.15 0.00 0.000 38 
15:29:47.240 15:29:47.241  GPGGA 223003.000 3754.9104000 -12220.0987000 1 15 0.00 4.30 0.00 0.000 3 
15:29:48.237 15:29:48.237  GPGGA 223004.000 3754.9104000 -12220.0986000 1 15 0.00 4.44 0.00 0.000 3 
15:29:49.234 15:29:49.234  GPGGA 223005.000 3754.9104000 -12220.0986000 1 15 0.00 4.53 0.00 0.000 3 
15:29:50.243 15:29:50.243  GPGGA 223006.000 3754.9103000 -12220.0986000 1 14 0.00 4.57 0.00 0.000 3 
15:29:51.234 15:29:51.234  GPGGA 223007.000 3754.9103000 -12220.0986000 1 15 0.00 4.58 0.00 0.000 32 
15:29:52.238 15:29:52.238  GPGGA 223008.000 3754.9103000 -12220.0986000 1 15 0.00 4.51 0.00 0.000 34 
15:29:53.225 15:29:53.225  GPGGA 223009.000 3754.9102000 -12220.0986000 1 15 0.00 4.49 0.00 0.000 3 
15:29:54.245 15:29:54.245  GPGGA 223010.000 3754.9102000 -12220.0986000 1 15 0.00 4.47 0.00 0.000 3 
15:29:55.218 15:29:55.218  GPGGA 223011.000 3754.9102000 -12220.0986000 1 15 0.00 4.45 0.00 0.000 38 
15:29:56.235 15:29:56.235  GPGGA 223012.000 3754.9102000 -12220.0986000 1 15 0.00 4.44 0.00 0.000 3 
15:29:57.249 15:29:57.249  GPGGA 223013.000 3754.9102000 -12220.0986000 1 15 0.00 4.47 0.00 0.000 38 
15:29:58.247 15:29:58.247  GPGGA 223014.000 3754.9102000 -12220.0986000 1 15 0.00 4.49 0.00 0.000 31 
15:29:59.235 15:29:59.236  GPGGA 223015.000 3754.9101000 -12220.0986000 1 14 0.00 4.49 0.00 0.000 32 
15:30:00.247 15:30:00.247  GPGGA 223016.000 3754.9101000 -12220.0986000 1 15 0.00 4.51 0.00 0.000 39 
15:30:01.218 15:30:01.218  GPGGA 223017.000 3754.9100000 -12220.0986000 1 15 0.00 4.56 0.00 0.000 3 
15:30:02.230 15:30:02.231  GPGGA 223018.000 3754.9100000 -12220.0986000 1 15 0.00 4.67 0.00 0.000 33 
15:30:03.229 15:30:03.229  GPGGA 223019.000 3754.9100000 -12220.0986000 1 15 0.00 4.78 0.00 0.000 3 
15:30:04.235 15:30:04.235  GPGGA 223020.000 3754.9100000 -12220.0985000 1 15 0.00 4.88 0.00 0.000 3 
15:30:05.247 15:30:05.247  GPGGA 223021.000 3754.9099000 -12220.0985000 1 15 0.00 4.98 0.00 0.000 3 
15:30:06.245 15:30:06.245  GPGGA 223022.000 3754.9099000 -12220.0985000 1 15 0.00 5.07 0.00 0.000 3 
15:30:07.251 15:30:07.251  GPGGA 223023.000 3754.9099000 -12220.0984000 1 15 0.00 5.16 0.00 0.000 3 
15:30:08.232 15:30:08.232  GPGGA 223024.000 3754.9098000 -12220.0984000 1 15 0.00 5.22 0.00 0.000 3 
15:30:09.240 15:30:09.240  GPGGA 223025.000 3754.9098000 -12220.0984000 1 15 0.00 5.31 0.00 0.000 3 
15:30:10.237 15:30:10.237  GPGGA 223026.000 3754.9097000 -12220.0984000 1 15 0.00 5.39 0.00 0.000 39 
15:30:11.240 15:30:11.240  GPGGA 223027.000 3754.9097000 -12220.0984000 1 15 0.00 5.39 0.00 0.000 38 
15:30:12.245 15:30:12.245  GPGGA 223028.000 3754.9096000 -12220.0984000 1 15 0.00 5.38 0.00 0.000 37 
15:30:13.231 15:30:13.231  GPGGA 223029.000 3754.9096000 -12220.0983000 1 15 0.00 5.39 0.00 0.000 30 
15:30:14.239 15:30:14.239  GPGGA 223030.000 3754.9096000 -12220.0983000 1 15 0.00 5.42 0.00 0.000 34 
15:30:15.239 15:30:15.239  GPGGA 223031.000 3754.9096000 -12220.0983000 1 16 0.00 5.47 0.00 0.000 33 
15:30:16.240 15:30:16.240  GPGGA 223032.000 3754.9095000 -12220.0983000 1 16 0.00 5.53 0.00 0.000 36 
15:30:17.255 15:30:17.255  GPGGA 223033.000 3754.9095000 -12220.0983000 1 16 0.00 5.61 0.00 0.000 36 
15:30:18.232 15:30:18.232  GPGGA 223034.000 3754.9095000 -12220.0982000 1 16 0.00 5.71 0.00 0.000 31 
15:30:19.240 15:30:19.240  GPGGA 223035.000 3754.9095000 -12220.0982000 1 16 0.00 5.83 0.00 0.000 3 
15:30:20.237 15:30:20.237  GPGGA 223036.000 3754.9094000 -12220.0982000 1 16 0.00 5.94 0.00 0.000 39 
15:30:21.240 15:30:21.240  GPGGA 223037.000 3754.9094000 -12220.0982000 1 16 0.00 6.06 0.00 0.000 30 
15:30:22.242 15:30:22.242  GPGGA 223038.000 3754.9094000 -12220.0982000 1 16 0.00 6.14 0.00 0.000 3 
15:30:23.247 15:30:23.247  GPGGA 223039.000 3754.9094000 -12220.0982000 1 16 0.00 6.21 0.00 0.000 3 
15:30:24.239 15:30:24.239  GPGGA 223040.000 3754.9093000 -12220.0982000 1 16 0.00 6.31 0.00 0.000 33 
15:30:25.236 15:30:25.236  GPGGA 223041.000 3754.9093000 -12220.0982000 1 16 0.00 6.41 0.00 0.000 35 
15:30:26.237 15:30:26.237  GPGGA 223042.000 3754.9093000 -12220.0982000 1 16 0.00 6.53 0.00 0.000 35 
15:30:27.238 15:30:27.238  GPGGA 223043.000 3754.9093000 -12220.0982000 1 16 0.00 6.62 0.00 0.000 36 
15:30:28.236 15:30:28.236  GPGGA 223044.000 3754.9092000 -12220.0981000 1 16 0.00 6.71 0.00 0.000 31 
15:30:29.235 15:30:29.235  GPGGA 223045.000 3754.9092000 -12220.0981000 1 16 0.00 6.76 0.00 0.000 37 
15:30:30.232 15:30:30.232  GPGGA 223046.000 3754.9092000 -12220.0981000 1 16 0.00 6.84 0.00 0.000 39 
15:30:31.248 15:30:31.248  GPGGA 223047.000 3754.9092000 -12220.0981000 1 16 0.00 6.94 0.00 0.000 39 
15:30:32.249 15:30:32.249  GPGGA 223048.000 3754.9092000 -12220.0981000 1 16 0.00 7.05 0.00 0.000 3 
15:30:33.245 15:30:33.245  GPGGA 223049.000 3754.9092000 -12220.0981000 1 16 0.00 7.19 0.00 0.000 33 
15:30:34.243 15:30:34.243  GPGGA 223050.000 3754.9093000 -12220.0981000 1 16 0.00 7.32 0.00 0.000 33 
15:30:35.248 15:30:35.248  GPGGA 223051.000 3754.9093000 -12220.0981000 1 16 0.00 7.48 0.00 0.000 3 
15:30:36.231 15:30:36.231  GPGGA 223052.000 3754.9093000 -12220.0981000 1 16 0.00 7.58 0.00 0.000 3 
15:30:37.226 15:30:37.226  GPGGA 223053.000 3754.9094000 -12220.0981000 1 16 0.00 7.64 0.00 0.000 34 
15:30:38.218 15:30:38.218  GPGGA 223054.000 3754.9094000 -12220.0981000 1 16 0.00 7.72 0.00 0.000 34 
15:30:39.247 15:30:39.247  GPGGA 223055.000 3754.9095000 -12220.0981000 1 16 0.00 7.77 0.00 0.000 31 
15:30:40.229 15:30:40.229  GPGGA 223056.000 3754.9095000 -12220.0981000 1 16 0.00 7.79 0.00 0.000 3 
15:30:41.235 15:30:41.235  GPGGA 223057.000 3754.9096000 -12220.0981000 1 16 0.00 7.84 0.00 0.000 3 
15:30:42.208 15:30:42.208  GPGGA 223058.000 3754.9096000 -12220.0981000 1 16 0.00 7.84 0.00 0.000 33 
15:30:43.233 15:30:43.233  GPGGA 223059.000 3754.9097000 -12220.0980000 1 16 0.00 7.85 0.00 0.000 33 
15:30:44.247 15:30:44.247  GPGGA 223100.000 3754.9097000 -12220.0980000 1 16 0.00 7.90 0.00 0.000 3 
15:30:45.250 15:30:45.251  GPGGA 223101.000 3754.9097000 -12220.0980000 1 16 0.00 7.92 0.00 0.000 39 
15:30:46.243 15:30:46.243  GPGGA 223102.000 3754.9097000 -12220.0980000 1 16 0.00 7.97 0.00 0.000 3 
15:30:47.255 15:30:47.255  GPGGA 223103.000 3754.9097000 -12220.0979000 1 16 0.00 7.98 0.00 0.000 37 
15:30:48.248 15:30:48.248  GPGGA 223104.000 3754.9097000 -12220.0979000 1 16 0.00 8.02 0.00 0.000 3 
15:30:49.246 15:30:49.246  GPGGA 223105.000 3754.9097000 -12220.0979000 1 15 0.00 8.10 0.00 0.000 3 
15:30:50.251 15:30:50.251  GPGGA 223106.000 3754.9097000 -12220.0978000 1 15 0.00 8.15 0.00 0.000 3 
15:30:51.250 15:30:51.250  GPGGA 223107.000 3754.9097000 -12220.0978000 1 16 0.00 8.16 0.00 0.000 3 
15:30:52.247 15:30:52.247  GPGGA 223108.000 3754.9097000 -12220.0978000 1 16 0.00 8.14 0.00 0.000 36 
15:30:53.248 15:30:53.248  GPGGA 223109.000 3754.9097000 -12220.0978000 1 16 0.00 8.16 0.00 0.000 35 
15:30:54.250 15:30:54.250  GPGGA 223110.000 3754.9098000 -12220.0978000 1 16 0.00 8.11 0.00 0.000 35 
15:30:55.256 15:30:55.256  GPGGA 223111.000 3754.9098000 -12220.0977000 1 16 0.00 8.08 0.00 0.000 33 
15:30:56.237 15:30:56.237  GPGGA 223112.000 3754.9098000 -12220.0977000 1 16 0.00 8.02 0.00 0.000 3 
15:30:57.247 15:30:57.247  GPGGA 223113.000 3754.9098000 -12220.0977000 1 16 0.00 7.98 0.00 0.000 37 
15:30:58.255 15:30:58.255  GPGGA 223114.000 3754.9098000 -12220.0977000 1 16 0.00 7.96 0.00 0.000 3 
15:30:59.242 15:30:59.246  GPGGA 223115.000 3754.9098000 -12220.0976000 1 16 0.00 7.93 0.00 0.000 3 
15:31:00.238 15:31:00.238  GPGGA 223116.000 3754.9098000 -12220.0976000 1 16 0.00 7.90 0.00 0.000 3 
15:31:01.237 15:31:01.237  GPGGA 223117.000 3754.9098000 -12220.0976000 1 16 0.00 7.89 0.00 0.000 32 
15:31:02.236 15:31:02.236  GPGGA 223118.000 3754.9099000 -12220.0976000 1 16 0.00 7.87 0.00 0.000 32 
15:31:03.236 15:31:03.236  GPGGA 223119.000 3754.9099000 -12220.0976000 1 16 0.00 7.86 0.00 0.000 32 
15:31:04.239 15:31:04.239  GPGGA 223120.000 3754.9099000 -12220.0976000 1 16 0.00 7.84 0.00 0.000 3 
15:31:05.244 15:31:05.244  GPGGA 223121.000 3754.9100000 -12220.0975000 1 16 0.00 7.89 0.00 0.000 34 
15:31:06.237 15:31:06.237  GPGGA 223122.000 3754.9100000 -12220.0975000 1 16 0.00 7.95 0.00 0.000 3 
15:31:07.244 15:31:07.244  GPGGA 223123.000 3754.9100000 -12220.0975000 1 16 0.00 8.01 0.00 0.000 39 
15:31:08.252 15:31:08.252  GPGGA 223124.000 3754.9101000 -12220.0975000 1 16 0.00 8.08 0.00 0.000 36 
15:31:09.254 15:31:09.254  GPGGA 223125.000 3754.9101000 -12220.0975000 1 16 0.00 8.12 0.00 0.000 3 
15:31:10.251 15:31:10.251  GPGGA 223126.000 3754.9101000 -12220.0975000 1 16 0.00 8.16 0.00 0.000 3 
15:31:11.246 15:31:11.246  GPGGA 223127.000 3754.9102000 -12220.0975000 1 16 0.00 8.22 0.00 0.000 3 
15:31:12.246 15:31:12.246  GPGGA 223128.000 3754.9102000 -12220.0975000 1 16 0.00 8.31 0.00 0.000 33 
15:31:13.245 15:31:13.245  GPGGA 223129.000 3754.9103000 -12220.0974000 1 16 0.00 8.41 0.00 0.000 35 
15:31:14.243 15:31:14.243  GPGGA 223130.000 3754.9104000 -12220.0974000 1 16 0.00 8.53 0.00 0.000 39 
15:31:15.257 15:31:15.257  GPGGA 223131.000 3754.9104000 -12220.0974000 1 16 0.00 8.63 0.00 0.000 3 
15:31:16.238 15:31:16.239  GPGGA 223132.000 3754.9105000 -12220.0974000 1 16 0.00 8.69 0.00 0.000 33 
15:31:17.238 15:31:17.238  GPGGA 223133.000 3754.9106000 -12220.0974000 1 16 0.00 8.71 0.00 0.000 38 
15:31:18.237 15:31:18.237  GPGGA 223134.000 3754.9106000 -12220.0974000 1 15 0.00 8.72 0.00 0.000 3 
15:31:19.252 15:31:19.252  GPGGA 223135.000 3754.9107000 -12220.0974000 1 15 0.00 8.72 0.00 0.000 3 
15:31:20.252 15:31:20.252  GPGGA 223136.000 3754.9107000 -12220.0974000 1 15 0.00 8.73 0.00 0.000 3 
15:31:21.251 15:31:21.251  GPGGA 223137.000 3754.9107000 -12220.0974000 1 15 0.00 8.74 0.00 0.000 3 
15:31:22.255 15:31:22.255  GPGGA 223138.000 3754.9108000 -12220.0974000 1 15 0.00 8.78 0.00 0.000 37 
15:31:23.253 15:31:23.253  GPGGA 223139.000 3754.9108000 -12220.0974000 1 15 0.00 8.74 0.00 0.000 3 
15:31:23.834 15:31:23.834  GPGGA 223140.000 3754.9108000 -12220.0974000 1 15 0.00 8.63 0.00 0.000 32 
15:31:25.251 15:31:25.251  GPGGA 223141.000 3754.9108000 -12220.0974000 1 16 0.00 8.54 0.00 0.000 34 
15:31:26.237 15:31:26.237  GPGGA 223142.000 3754.9108000 -12220.0974000 1 16 0.00 8.44 0.00 0.000 36 
15:31:27.235 15:31:27.235  GPGGA 223143.000 3754.9108000 -12220.0975000 1 16 0.00 8.34 0.00 0.000 31 
15:31:28.244 15:31:28.244  GPGGA 223144.000 3754.9108000 -12220.0975000 1 16 0.00 8.33 0.00 0.000 31 
15:31:29.243 15:31:29.243  GPGGA 223145.000 3754.9108000 -12220.0976000 1 16 0.00 8.34 0.00 0.000 34 
15:31:30.238 15:31:30.238  GPGGA 223146.000 3754.9108000 -12220.0976000 1 16 0.00 8.29 0.00 0.000 3 
15:31:31.233 15:31:31.233  GPGGA 223147.000 3754.9108000 -12220.0977000 1 16 0.00 8.25 0.00 0.000 37 
15:31:32.248 15:31:32.248  GPGGA 223148.000 3754.9108000 -12220.0977000 1 16 0.00 8.25 0.00 0.000 38 
15:31:33.241 15:31:33.241  GPGGA 223149.000 3754.9108000 -12220.0978000 1 16 0.00 8.26 0.00 0.000 35 
15:31:34.235 15:31:34.235  GPGGA 223150.000 3754.9108000 -12220.0978000 1 16 0.00 8.26 0.00 0.000 3 
