Receiving GPS point for DB variable 8001
writing output to stdout
12:22:54.679 12:22:54.679  GPGGA 192311.000 3754.6416000 -12219.3743000 1 18 0.00 2.89 0.00 0.000 38 
12:22:55.674 12:22:55.674  GPGGA 192312.000 3754.6297000 -12219.3643000 1 18 0.00 3.22 0.00 0.000 35 
12:22:56.679 12:22:56.679  GPGGA 192313.000 3754.6178000 -12219.3544000 1 18 0.00 3.51 0.00 0.000 36 
12:22:57.663 12:22:57.663  GPGGA 192314.000 3754.6059000 -12219.3446000 1 18 0.00 3.55 0.00 0.000 34 
12:22:58.676 12:22:58.676  GPGGA 192315.000 3754.5940000 -12219.3347000 1 18 0.00 3.58 0.00 0.000 3 
12:22:59.675 12:22:59.675  GPGGA 192316.000 3754.5821000 -12219.3249000 1 18 0.00 3.40 0.00 0.000 3 
12:23:00.671 12:23:00.671  GPGGA 192317.000 3754.5701000 -12219.3150000 1 18 0.00 3.14 0.00 0.000 39 
12:23:01.681 12:23:01.681  GPGGA 192318.000 3754.5579000 -12219.3050000 1 18 0.00 2.76 0.00 0.000 3 
12:23:02.675 12:23:02.675  GPGGA 192319.000 3754.5456000 -12219.2948000 1 18 0.00 2.40 0.00 0.000 36 
12:23:03.677 12:23:03.677  GPGGA 192320.000 3754.5332000 -12219.2846000 1 18 0.00 2.12 0.00 0.000 31 
12:23:04.664 12:23:04.664  GPGGA 192321.000 3754.5207000 -12219.2742000 1 18 0.00 1.80 0.00 0.000 34 
12:23:05.677 12:23:05.677  GPGGA 192322.000 3754.5080000 -12219.2637000 1 18 0.00 1.53 0.00 0.000 37 
12:23:06.664 12:23:06.664  GPGGA 192323.000 3754.4953000 -12219.2532000 1 18 0.00 1.35 0.00 0.000 36 
12:23:07.666 12:23:07.666  GPGGA 192324.000 3754.4825000 -12219.2425000 1 18 0.00 1.20 0.00 0.000 32 
12:23:08.672 12:23:08.672  GPGGA 192325.000 3754.4695000 -12219.2318000 1 18 0.00 1.06 0.00 0.000 3 
12:23:09.664 12:23:09.664  GPGGA 192326.000 3754.4564000 -12219.2210000 1 18 0.00 1.04 0.00 0.000 3 
12:23:10.663 12:23:10.663  GPGGA 192327.000 3754.4432000 -12219.2101000 1 18 0.00 1.00 0.00 0.000 3 
12:23:11.677 12:23:11.677  GPGGA 192328.000 3754.4302000 -12219.1994000 1 18 0.00 1.46 0.00 0.000 34 
12:23:12.670 12:23:12.670  GPGGA 192329.000 3754.4177000 -12219.1891000 1 18 0.00 2.12 0.00 0.000 33 
12:23:13.681 12:23:13.681  GPGGA 192330.000 3754.4056000 -12219.1792000 1 18 0.00 2.83 0.00 0.000 3 
12:23:14.682 12:23:14.682  GPGGA 192331.000 3754.3936000 -12219.1695000 1 18 0.00 3.26 0.00 0.000 3 
12:23:15.683 12:23:15.683  GPGGA 192332.000 3754.3818000 -12219.1598000 1 18 0.00 3.53 0.00 0.000 3 
12:23:16.664 12:23:16.664  GPGGA 192333.000 3754.3700000 -12219.1501000 1 18 0.00 3.48 0.00 0.000 33 
12:23:17.671 12:23:17.671  GPGGA 192334.000 3754.3580000 -12219.1402000 1 18 0.00 3.32 0.00 0.000 31 
12:23:18.666 12:23:18.666  GPGGA 192335.000 3754.3458000 -12219.1302000 1 18 0.00 3.07 0.00 0.000 35 
12:23:19.665 12:23:19.665  GPGGA 192336.000 3754.3336000 -12219.1201000 1 18 0.00 2.77 0.00 0.000 3 
12:23:20.677 12:23:20.677  GPGGA 192337.000 3754.3213000 -12219.1098000 1 18 0.00 2.40 0.00 0.000 3 
12:23:21.699 12:23:21.699  GPGGA 192338.000 3754.3091000 -12219.0996000 1 18 0.00 2.23 0.00 0.000 38 
12:23:22.677 12:23:22.677  GPGGA 192339.000 3754.2968000 -12219.0893000 1 18 0.00 1.93 0.00 0.000 3 
12:23:23.675 12:23:23.675  GPGGA 192340.000 3754.2843000 -12219.0789000 1 18 0.00 1.62 0.00 0.000 37 
12:23:24.665 12:23:24.665  GPGGA 192341.000 3754.2718000 -12219.0687000 1 18 0.00 1.52 0.00 0.000 3 
12:23:25.677 12:23:25.677  GPGGA 192342.000 3754.2593000 -12219.0584000 1 18 0.00 1.49 0.00 0.000 33 
12:23:26.681 12:23:26.681  GPGGA 192343.000 3754.2467000 -12219.0481000 1 18 0.00 1.45 0.00 0.000 30 
12:23:27.684 12:23:27.684  GPGGA 192344.000 3754.2341000 -12219.0375000 1 18 0.00 1.21 0.00 0.000 3 
12:23:28.665 12:23:28.665  GPGGA 192345.000 3754.2212000 -12219.0267000 1 18 0.00 0.78 0.00 0.000 33 
12:23:29.677 12:23:29.677  GPGGA 192346.000 3754.2079000 -12219.0157000 1 18 0.00 0.32 0.00 0.000 31 
12:23:30.672 12:23:30.672  GPGGA 192347.000 3754.1943000 -12219.0044000 1 18 0.00 0.06 0.00 0.000 37 
12:23:31.672 12:23:31.672  GPGGA 192348.000 3754.1813000 -12218.9938000 1 18 0.00 0.77 0.00 0.000 30 
12:23:32.677 12:23:32.677  GPGGA 192349.000 3754.1686000 -12218.9833000 1 18 0.00 1.30 0.00 0.000 3 
12:23:33.667 12:23:33.667  GPGGA 192350.000 3754.1561000 -12218.9730000 1 18 0.00 1.60 0.00 0.000 30 
12:23:34.677 12:23:34.677  GPGGA 192351.000 3754.1437000 -12218.9628000 1 18 0.00 1.80 0.00 0.000 35 
12:23:35.667 12:23:35.667  GPGGA 192352.000 3754.1314000 -12218.9525000 1 18 0.00 1.95 0.00 0.000 3 
12:23:36.673 12:23:36.673  GPGGA 192353.000 3754.1191000 -12218.9424000 1 18 0.00 1.93 0.00 0.000 32 
12:23:37.682 12:23:37.682  GPGGA 192354.000 3754.1067000 -12218.9322000 1 18 0.00 1.78 0.00 0.000 39 
12:23:38.666 12:23:38.666  GPGGA 192355.000 3754.0944000 -12218.9221000 1 18 0.00 1.76 0.00 0.000 3 
12:23:39.677 12:23:39.677  GPGGA 192356.000 3754.0820000 -12218.9119000 1 18 0.00 1.68 0.00 0.000 3 
12:23:40.681 12:23:40.681  GPGGA 192357.000 3754.0696000 -12218.9018000 1 18 0.00 1.75 0.00 0.000 34 
12:23:41.673 12:23:41.673  GPGGA 192358.000 3754.0573000 -12218.8917000 1 18 0.00 2.03 0.00 0.000 36 
12:23:42.682 12:23:42.682  GPGGA 192359.000 3754.0450000 -12218.8818000 1 18 0.00 2.16 0.00 0.000 3 
12:23:43.679 12:23:43.679  GPGGA 192400.000 3754.0326000 -12218.8718000 1 18 0.00 2.15 0.00 0.000 3 
12:23:44.677 12:23:44.677  GPGGA 192401.000 3754.0202000 -12218.8617000 1 18 0.00 1.96 0.00 0.000 3 
12:23:45.672 12:23:45.672  GPGGA 192402.000 3754.0076000 -12218.8515000 1 18 0.00 1.87 0.00 0.000 3 
12:23:46.677 12:23:46.677  GPGGA 192403.000 3753.9953000 -12218.8413000 1 17 0.00 2.15 0.00 0.000 3 
12:23:47.667 12:23:47.667  GPGGA 192404.000 3753.9821000 -12218.8307000 1 17 0.00 1.63 0.00 0.000 3 
12:23:48.681 12:23:48.681  GPGGA 192405.000 3753.9684000 -12218.8195000 1 18 0.00 0.75 0.00 0.000 3 
12:23:49.682 12:23:49.682  GPGGA 192406.000 3753.9548000 -12218.8085000 1 17 0.00 0.23 0.00 0.000 31 
12:23:50.675 12:23:50.675  GPGGA 192407.000 3753.9412000 -12218.7974000 1 18 0.00 0.04 0.00 0.000 3 
12:23:51.666 12:23:51.666  GPGGA 192408.000 3753.9273000 -12218.7862000 1 18 0.00 -0.04 0.00 0.000 19 
12:23:52.684 12:23:52.684  GPGGA 192409.000 3753.9134000 -12218.7751000 1 18 0.00 0.17 0.00 0.000 38 
12:23:53.677 12:23:53.677  GPGGA 192410.000 3753.8995000 -12218.7641000 1 18 0.00 0.45 0.00 0.000 35 
12:23:54.681 12:23:54.681  GPGGA 192411.000 3753.8855000 -12218.7530000 1 18 0.00 0.48 0.00 0.000 31 
12:23:55.671 12:23:55.671  GPGGA 192412.000 3753.8715000 -12218.7419000 1 18 0.00 0.46 0.00 0.000 3 
12:23:56.674 12:23:56.674  GPGGA 192413.000 3753.8576000 -12218.7307000 1 18 0.00 0.37 0.00 0.000 35 
12:23:57.673 12:23:57.673  GPGGA 192414.000 3753.8437000 -12218.7195000 1 18 0.00 0.30 0.00 0.000 38 
12:23:58.672 12:23:58.672  GPGGA 192415.000 3753.8298000 -12218.7083000 1 18 0.00 0.26 0.00 0.000 3 
12:23:59.681 12:23:59.681  GPGGA 192416.000 3753.8160000 -12218.6971000 1 18 0.00 0.42 0.00 0.000 3 
12:24:00.676 12:24:00.676  GPGGA 192417.000 3753.8022000 -12218.6858000 1 18 0.00 0.68 0.00 0.000 3 
12:24:01.685 12:24:01.685  GPGGA 192418.000 3753.7883000 -12218.6745000 1 18 0.00 0.75 0.00 0.000 33 
12:24:02.678 12:24:02.678  GPGGA 192419.000 3753.7744000 -12218.6633000 1 18 0.00 0.51 0.00 0.000 30 
12:24:03.676 12:24:03.676  GPGGA 192420.000 3753.7605000 -12218.6524000 1 18 0.00 0.50 0.00 0.000 3 
12:24:04.670 12:24:04.670  GPGGA 192421.000 3753.7467000 -12218.6415000 1 18 0.00 0.52 0.00 0.000 3 
12:24:05.678 12:24:05.678  GPGGA 192422.000 3753.7330000 -12218.6310000 1 18 0.00 0.56 0.00 0.000 3 
12:24:06.666 12:24:06.666  GPGGA 192423.000 3753.7197000 -12218.6208000 1 18 0.00 0.89 0.00 0.000 38 
12:24:07.669 12:24:07.669  GPGGA 192424.000 3753.7067000 -12218.6115000 1 18 0.00 1.79 0.00 0.000 30 
12:24:08.672 12:24:08.672  GPGGA 192425.000 3753.6941000 -12218.6032000 1 18 0.00 3.02 0.00 0.000 37 
12:24:09.670 12:24:09.670  GPGGA 192426.000 3753.6824000 -12218.5960000 1 18 0.00 4.37 0.00 0.000 3 
12:24:10.671 12:24:10.671  GPGGA 192427.000 3753.6713000 -12218.5897000 1 18 0.00 5.63 0.00 0.000 39 
12:24:11.679 12:24:11.679  GPGGA 192428.000 3753.6605000 -12218.5839000 1 18 0.00 6.09 0.00 0.000 3 
12:24:12.687 12:24:12.687  GPGGA 192429.000 3753.6497000 -12218.5784000 1 18 0.00 6.15 0.00 0.000 37 
12:24:13.675 12:24:13.675  GPGGA 192430.000 3753.6389000 -12218.5732000 1 18 0.00 5.91 0.00 0.000 35 
12:24:14.682 12:24:14.682  GPGGA 192431.000 3753.6278000 -12218.5681000 1 18 0.00 5.54 0.00 0.000 3 
12:24:15.684 12:24:15.684  GPGGA 192432.000 3753.6165000 -12218.5631000 1 18 0.00 5.03 0.00 0.000 3 
12:24:16.677 12:24:16.677  GPGGA 192433.000 3753.6050000 -12218.5582000 1 18 0.00 4.52 0.00 0.000 36 
12:24:17.673 12:24:17.673  GPGGA 192434.000 3753.5932000 -12218.5536000 1 18 0.00 4.13 0.00 0.000 35 
12:24:18.682 12:24:18.682  GPGGA 192435.000 3753.5810000 -12218.5494000 1 17 0.00 3.80 0.00 0.000 3 
12:24:19.678 12:24:19.678  GPGGA 192436.000 3753.5686000 -12218.5455000 1 18 0.00 3.56 0.00 0.000 35 
12:24:20.675 12:24:20.675  GPGGA 192437.000 3753.5560000 -12218.5421000 1 18 0.00 3.31 0.00 0.000 3 
12:24:21.677 12:24:21.677  GPGGA 192438.000 3753.5433000 -12218.5392000 1 18 0.00 3.23 0.00 0.000 39 
12:24:22.680 12:24:22.680  GPGGA 192439.000 3753.5305000 -12218.5367000 1 18 0.00 3.23 0.00 0.000 30 
12:24:23.676 12:24:23.676  GPGGA 192440.000 3753.5178000 -12218.5348000 1 18 0.00 3.40 0.00 0.000 3 
12:24:24.680 12:24:24.680  GPGGA 192441.000 3753.5052000 -12218.5334000 1 18 0.00 3.67 0.00 0.000 38 
12:24:25.682 12:24:25.682  GPGGA 192442.000 3753.4927000 -12218.5327000 1 18 0.00 3.96 0.00 0.000 3 
12:24:26.686 12:24:26.686  GPGGA 192443.000 3753.4804000 -12218.5326000 1 18 0.00 4.21 0.00 0.000 36 
12:24:27.677 12:24:27.677  GPGGA 192444.000 3753.4682000 -12218.5331000 1 18 0.00 4.54 0.00 0.000 35 
12:24:28.679 12:24:28.679  GPGGA 192445.000 3753.4562000 -12218.5341000 1 18 0.00 4.77 0.00 0.000 3 
12:24:29.682 12:24:29.682  GPGGA 192446.000 3753.4443000 -12218.5357000 1 18 0.00 4.72 0.00 0.000 3 
12:24:30.680 12:24:30.680  GPGGA 192447.000 3753.4324000 -12218.5378000 1 18 0.00 4.74 0.00 0.000 30 
12:24:31.681 12:24:31.681  GPGGA 192448.000 3753.4205000 -12218.5401000 1 18 0.00 4.86 0.00 0.000 39 
12:24:32.677 12:24:32.677  GPGGA 192449.000 3753.4084000 -12218.5426000 1 18 0.00 4.98 0.00 0.000 39 
12:24:33.677 12:24:33.677  GPGGA 192450.000 3753.3961000 -12218.5450000 1 18 0.00 5.17 0.00 0.000 33 
12:24:34.676 12:24:34.676  GPGGA 192451.000 3753.3835000 -12218.5473000 1 18 0.00 5.30 0.00 0.000 36 
12:24:35.676 12:24:35.676  GPGGA 192452.000 3753.3705000 -12218.5495000 1 18 0.00 5.38 0.00 0.000 39 
12:24:36.676 12:24:36.676  GPGGA 192453.000 3753.3570000 -12218.5516000 1 18 0.00 5.55 0.00 0.000 39 
12:24:37.678 12:24:37.678  GPGGA 192454.000 3753.3436000 -12218.5537000 1 18 0.00 6.35 0.00 0.000 3 
12:24:38.675 12:24:38.675  GPGGA 192455.000 3753.3311000 -12218.5556000 1 18 0.00 7.95 0.00 0.000 34 
12:24:39.676 12:24:39.677  GPGGA 192456.000 3753.3190000 -12218.5574000 1 18 0.00 8.96 0.00 0.000 30 
12:24:40.676 12:24:40.676  GPGGA 192457.000 3753.3072000 -12218.5591000 1 18 0.00 9.82 0.00 0.000 33 
12:24:41.673 12:24:41.673  GPGGA 192458.000 3753.2956000 -12218.5607000 1 18 0.00 10.34 0.00 0.000 0 
12:24:42.684 12:24:42.684  GPGGA 192459.000 3753.2840000 -12218.5619000 1 18 0.00 10.81 0.00 0.000 0 
12:24:43.687 12:24:43.687  GPGGA 192500.000 3753.2726000 -12218.5627000 1 18 0.00 10.91 0.00 0.000 3 
12:24:44.682 12:24:44.682  GPGGA 192501.000 3753.2609000 -12218.5632000 1 18 0.00 10.85 0.00 0.000 0 
12:24:45.676 12:24:45.676  GPGGA 192502.000 3753.2493000 -12218.5636000 1 18 0.00 10.79 0.00 0.000 0 
12:24:46.680 12:24:46.680  GPGGA 192503.000 3753.2377000 -12218.5639000 1 18 0.00 10.55 0.00 0.000 7 
12:24:47.683 12:24:47.683  GPGGA 192504.000 3753.2257000 -12218.5637000 1 18 0.00 9.93 0.00 0.000 3 
12:24:48.684 12:24:48.684  GPGGA 192505.000 3753.2135000 -12218.5632000 1 18 0.00 9.26 0.00 0.000 32 
12:24:49.677 12:24:49.677  GPGGA 192506.000 3753.2010000 -12218.5622000 1 18 0.00 8.47 0.00 0.000 30 
12:24:50.687 12:24:50.687  GPGGA 192507.000 3753.1883000 -12218.5605000 1 18 0.00 7.59 0.00 0.000 35 
12:24:51.689 12:24:51.689  GPGGA 192508.000 3753.1753000 -12218.5583000 1 18 0.00 6.58 0.00 0.000 35 
12:24:52.685 12:24:52.685  GPGGA 192509.000 3753.1620000 -12218.5556000 1 18 0.00 5.31 0.00 0.000 35 
12:24:53.678 12:24:53.678  GPGGA 192510.000 3753.1485000 -12218.5528000 1 18 0.00 3.97 0.00 0.000 33 
12:24:54.672 12:24:54.672  GPGGA 192511.000 3753.1347000 -12218.5498000 1 17 0.00 2.79 0.00 0.000 3 
12:24:55.690 12:24:55.690  GPGGA 192512.000 3753.1207000 -12218.5467000 1 18 0.00 1.74 0.00 0.000 38 
12:24:56.685 12:24:56.685  GPGGA 192513.000 3753.1064000 -12218.5436000 1 18 0.00 1.07 0.00 0.000 3 
12:24:57.675 12:24:57.675  GPGGA 192514.000 3753.0919000 -12218.5406000 1 18 0.00 0.69 0.00 0.000 31 
12:24:58.681 12:24:58.681  GPGGA 192515.000 3753.0773000 -12218.5374000 1 18 0.00 0.58 0.00 0.000 32 
12:24:59.676 12:24:59.676  GPGGA 192516.000 3753.0629000 -12218.5342000 1 19 0.00 0.86 0.00 0.000 38 
12:25:00.683 12:25:00.683  GPGGA 192517.000 3753.0488000 -12218.5311000 1 19 0.00 1.23 0.00 0.000 38 
12:25:01.672 12:25:01.673  GPGGA 192518.000 3753.0359000 -12218.5283000 1 19 0.00 2.70 0.00 0.000 33 
12:25:02.683 12:25:02.683  GPGGA 192519.000 3753.0239000 -12218.5256000 1 19 0.00 3.57 0.00 0.000 39 
12:25:03.690 12:25:03.690  GPGGA 192520.000 3753.0118000 -12218.5228000 1 19 0.00 3.58 0.00 0.000 35 
12:25:04.681 12:25:04.681  GPGGA 192521.000 3752.9993000 -12218.5200000 1 18 0.00 3.48 0.00 0.000 3 
12:25:05.689 12:25:05.689  GPGGA 192522.000 3752.9873000 -12218.5172000 1 19 0.00 3.93 0.00 0.000 30 
12:25:06.688 12:25:06.688  GPGGA 192523.000 3752.9756000 -12218.5146000 1 19 0.00 4.26 0.00 0.000 37 
12:25:07.686 12:25:07.686  GPGGA 192524.000 3752.9640000 -12218.5119000 1 19 0.00 4.40 0.00 0.000 3 
12:25:08.677 12:25:08.677  GPGGA 192525.000 3752.9523000 -12218.5092000 1 19 0.00 4.43 0.00 0.000 3 
12:25:09.679 12:25:09.679  GPGGA 192526.000 3752.9407000 -12218.5066000 1 19 0.00 4.34 0.00 0.000 35 
12:25:10.685 12:25:10.685  GPGGA 192527.000 3752.9289000 -12218.5039000 1 19 0.00 4.24 0.00 0.000 3 
12:25:11.682 12:25:11.682  GPGGA 192528.000 3752.9171000 -12218.5013000 1 19 0.00 4.05 0.00 0.000 3 
12:25:12.684 12:25:12.684  GPGGA 192529.000 3752.9054000 -12218.4988000 1 19 0.00 3.94 0.00 0.000 3 
12:25:13.680 12:25:13.680  GPGGA 192530.000 3752.8936000 -12218.4961000 1 19 0.00 3.87 0.00 0.000 3 
12:25:14.684 12:25:14.684  GPGGA 192531.000 3752.8819000 -12218.4935000 1 19 0.00 4.00 0.00 0.000 38 
12:25:15.691 12:25:15.691  GPGGA 192532.000 3752.8704000 -12218.4910000 1 19 0.00 4.18 0.00 0.000 36 
12:25:16.685 12:25:16.685  GPGGA 192533.000 3752.8588000 -12218.4884000 1 19 0.00 4.10 0.00 0.000 35 
12:25:17.681 12:25:17.681  GPGGA 192534.000 3752.8472000 -12218.4858000 1 19 0.00 4.16 0.00 0.000 31 
12:25:18.675 12:25:18.675  GPGGA 192535.000 3752.8356000 -12218.4832000 1 19 0.00 3.92 0.00 0.000 36 
12:25:19.676 12:25:19.676  GPGGA 192536.000 3752.8238000 -12218.4806000 1 19 0.00 3.46 0.00 0.000 32 
12:25:20.674 12:25:20.674  GPGGA 192537.000 3752.8117000 -12218.4779000 1 19 0.00 3.04 0.00 0.000 3 
12:25:21.686 12:25:21.686  GPGGA 192538.000 3752.7989000 -12218.4750000 1 19 0.00 2.55 0.00 0.000 3 
12:25:22.673 12:25:22.673  GPGGA 192539.000 3752.7862000 -12218.4722000 1 19 0.00 3.10 0.00 0.000 3 
12:25:23.675 12:25:23.675  GPGGA 192540.000 3752.7745000 -12218.4697000 1 19 0.00 4.52 0.00 0.000 37 
12:25:24.673 12:25:24.673  GPGGA 192541.000 3752.7638000 -12218.4675000 1 19 0.00 6.04 0.00 0.000 30 
12:25:25.683 12:25:25.683  GPGGA 192542.000 3752.7539000 -12218.4653000 1 19 0.00 7.45 0.00 0.000 31 
12:25:26.682 12:25:26.682  GPGGA 192543.000 3752.7448000 -12218.4634000 1 19 0.00 8.77 0.00 0.000 38 
12:25:27.681 12:25:27.681  GPGGA 192544.000 3752.7364000 -12218.4616000 1 19 0.00 9.95 0.00 0.000 3 
12:25:28.676 12:25:28.676  GPGGA 192545.000 3752.7284000 -12218.4599000 1 19 0.00 10.75 0.00 0.000 7 
12:25:29.685 12:25:29.685  GPGGA 192546.000 3752.7210000 -12218.4583000 1 19 0.00 11.51 0.00 0.000 5 
12:25:30.691 12:25:30.691  GPGGA 192547.000 3752.7142000 -12218.4568000 1 19 0.00 12.15 0.00 0.000 6 
12:25:31.681 12:25:31.681  GPGGA 192548.000 3752.7078000 -12218.4552000 1 19 0.00 12.52 0.00 0.000 0 
12:25:32.675 12:25:32.675  GPGGA 192549.000 3752.7017000 -12218.4537000 1 19 0.00 12.66 0.00 0.000 7 
12:25:33.681 12:25:33.681  GPGGA 192550.000 3752.6957000 -12218.4522000 1 19 0.00 12.85 0.00 0.000 0 
12:25:34.688 12:25:34.688  GPGGA 192551.000 3752.6899000 -12218.4507000 1 19 0.00 12.90 0.00 0.000 0 
12:25:35.687 12:25:35.687  GPGGA 192552.000 3752.6842000 -12218.4491000 1 19 0.00 12.74 0.00 0.000 0 
12:25:36.685 12:25:36.685  GPGGA 192553.000 3752.6786000 -12218.4476000 1 19 0.00 12.46 0.00 0.000 4 
12:25:37.685 12:25:37.685  GPGGA 192554.000 3752.6728000 -12218.4459000 1 19 0.00 12.04 0.00 0.000 0 
12:25:38.687 12:25:38.687  GPGGA 192555.000 3752.6669000 -12218.4443000 1 19 0.00 11.63 0.00 0.000 0 
12:25:39.680 12:25:39.680  GPGGA 192556.000 3752.6609000 -12218.4425000 1 19 0.00 11.21 0.00 0.000 3 
12:25:40.685 12:25:40.685  GPGGA 192557.000 3752.6549000 -12218.4407000 1 19 0.00 10.79 0.00 0.000 9 
12:25:41.681 12:25:41.681  GPGGA 192558.000 3752.6487000 -12218.4389000 1 19 0.00 10.45 0.00 0.000 0 
12:25:42.691 12:25:42.691  GPGGA 192559.000 3752.6424000 -12218.4371000 1 19 0.00 10.07 0.00 0.000 2 
12:25:43.687 12:25:43.687  GPGGA 192600.000 3752.6360000 -12218.4351000 1 19 0.00 9.64 0.00 0.000 35 
12:25:44.687 12:25:44.687  GPGGA 192601.000 3752.6294000 -12218.4331000 1 19 0.00 9.13 0.00 0.000 38 
12:25:45.683 12:25:45.683  GPGGA 192602.000 3752.6226000 -12218.4311000 1 19 0.00 8.68 0.00 0.000 3 
12:25:46.704 12:25:46.704  GPGGA 192603.000 3752.6156000 -12218.4290000 1 19 0.00 8.15 0.00 0.000 3 
12:25:47.683 12:25:47.683  GPGGA 192604.000 3752.6085000 -12218.4269000 1 19 0.00 7.60 0.00 0.000 39 
12:25:48.685 12:25:48.685  GPGGA 192605.000 3752.6011000 -12218.4247000 1 19 0.00 7.00 0.00 0.000 3 
12:25:49.677 12:25:49.677  GPGGA 192606.000 3752.5937000 -12218.4224000 1 19 0.00 6.56 0.00 0.000 35 
12:25:50.682 12:25:50.682  GPGGA 192607.000 3752.5853000 -12218.4200000 1 19 0.00 5.41 0.00 0.000 34 
12:25:51.688 12:25:51.688  GPGGA 192608.000 3752.5772000 -12218.4175000 1 19 0.00 4.77 0.00 0.000 32 
12:25:52.679 12:25:52.679  GPGGA 192609.000 3752.5687000 -12218.4149000 1 19 0.00 4.10 0.00 0.000 36 
12:25:53.685 12:25:53.685  GPGGA 192610.000 3752.5600000 -12218.4122000 1 19 0.00 3.36 0.00 0.000 3 
12:25:54.688 12:25:54.688  GPGGA 192611.000 3752.5511000 -12218.4094000 1 19 0.00 2.92 0.00 0.000 3 
12:25:55.688 12:25:55.688  GPGGA 192612.000 3752.5420000 -12218.4065000 1 19 0.00 2.46 0.00 0.000 39 
12:25:56.676 12:25:56.676  GPGGA 192613.000 3752.5328000 -12218.4036000 1 19 0.00 2.14 0.00 0.000 36 
12:25:57.695 12:25:57.695  GPGGA 192614.000 3752.5234000 -12218.4006000 1 19 0.00 1.97 0.00 0.000 36 
12:25:58.681 12:25:58.681  GPGGA 192615.000 3752.5139000 -12218.3977000 1 19 0.00 1.91 0.00 0.000 37 
12:25:59.683 12:25:59.683  GPGGA 192616.000 3752.5046000 -12218.3949000 1 19 0.00 2.02 0.00 0.000 39 
12:26:00.678 12:26:00.678  GPGGA 192617.000 3752.4952000 -12218.3920000 1 19 0.00 2.00 0.00 0.000 38 
12:26:01.680 12:26:01.680  GPGGA 192618.000 3752.4856000 -12218.3891000 1 19 0.00 1.69 0.00 0.000 35 
12:26:02.689 12:26:02.689  GPGGA 192619.000 3752.4758000 -12218.3861000 1 19 0.00 1.50 0.00 0.000 30 
12:26:03.678 12:26:03.678  GPGGA 192620.000 3752.4665000 -12218.3832000 1 19 0.00 2.18 0.00 0.000 3 
12:26:04.685 12:26:04.685  GPGGA 192621.000 3752.4581000 -12218.3807000 1 19 0.00 3.02 0.00 0.000 38 
12:26:05.677 12:26:05.677  GPGGA 192622.000 3752.4502000 -12218.3783000 1 19 0.00 3.87 0.00 0.000 3 
12:26:06.685 12:26:06.685  GPGGA 192623.000 3752.4431000 -12218.3762000 1 19 0.00 4.73 0.00 0.000 3 
12:26:07.677 12:26:07.677  GPGGA 192624.000 3752.4367000 -12218.3744000 1 19 0.00 5.47 0.00 0.000 3 
12:26:08.682 12:26:08.682  GPGGA 192625.000 3752.4306000 -12218.3727000 1 19 0.00 5.99 0.00 0.000 3 
12:26:09.677 12:26:09.677  GPGGA 192626.000 3752.4249000 -12218.3711000 1 19 0.00 6.51 0.00 0.000 37 
12:26:10.685 12:26:10.685  GPGGA 192627.000 3752.4192000 -12218.3694000 1 19 0.00 6.46 0.00 0.000 39 
12:26:11.678 12:26:11.678  GPGGA 192628.000 3752.4136000 -12218.3676000 1 19 0.00 6.39 0.00 0.000 3 
12:26:12.688 12:26:12.688  GPGGA 192629.000 3752.4082000 -12218.3658000 1 19 0.00 6.49 0.00 0.000 38 
12:26:13.681 12:26:13.681  GPGGA 192630.000 3752.4034000 -12218.3644000 1 19 0.00 7.03 0.00 0.000 3 
12:26:14.683 12:26:14.683  GPGGA 192631.000 3752.3993000 -12218.3631000 1 19 0.00 7.88 0.00 0.000 3 
12:26:15.680 12:26:15.680  GPGGA 192632.000 3752.3962000 -12218.3622000 1 19 0.00 8.84 0.00 0.000 30 
12:26:16.679 12:26:16.679  GPGGA 192633.000 3752.3940000 -12218.3615000 1 19 0.00 9.61 0.00 0.000 3 
12:26:17.680 12:26:17.680  GPGGA 192634.000 3752.3924000 -12218.3610000 1 19 0.00 9.83 0.00 0.000 33 
12:26:18.682 12:26:18.682  GPGGA 192635.000 3752.3911000 -12218.3605000 1 19 0.00 9.68 0.00 0.000 35 
12:26:19.680 12:26:19.680  GPGGA 192636.000 3752.3897000 -12218.3600000 1 19 0.00 9.11 0.00 0.000 32 
12:26:20.681 12:26:20.681  GPGGA 192637.000 3752.3877000 -12218.3593000 1 19 0.00 8.34 0.00 0.000 32 
12:26:21.681 12:26:21.681  GPGGA 192638.000 3752.3851000 -12218.3584000 1 19 0.00 7.63 0.00 0.000 32 
12:26:22.686 12:26:22.686  GPGGA 192639.000 3752.3815000 -12218.3572000 1 19 0.00 6.39 0.00 0.000 34 
12:26:23.689 12:26:23.689  GPGGA 192640.000 3752.3770000 -12218.3556000 1 19 0.00 5.17 0.00 0.000 3 
12:26:24.682 12:26:24.682  GPGGA 192641.000 3752.3719000 -12218.3540000 1 19 0.00 4.07 0.00 0.000 36 
12:26:25.681 12:26:25.681  GPGGA 192642.000 3752.3665000 -12218.3522000 1 19 0.00 3.28 0.00 0.000 31 
12:26:26.690 12:26:26.690  GPGGA 192643.000 3752.3609000 -12218.3504000 1 19 0.00 2.73 0.00 0.000 31 
