
num_bytes 122 status 0 numTargets 2
02 00 00 0xec 0x3c 00 00 0x94 0x0a 0x50 00 00 00 00 00 00 00 00 00 00 00 00 00 00 00 00 00 00 00 00 00 00 00 00 00 00 00 00 00 00 00 
42 00 00 0x4e 0x2d 0x59 00 0xba 0xe4 0x59 00 00 00 00 00 00 00 00 00 00 00 00 00 00 00 00 00 00 00 00 00 00 00 00 00 00 00 00 00 00 00 
82 00 00 0xfb 0x8f 0x01 00 0xa8 0x19 0x02 00 00 00 00 00 00 00 00 00 00 00 00 00 00 00 00 00 00 00 00 00 00 00 00 00 00 00 00 00 00 00 

xf[0] 0.060 y[0] 0.020 z[0] 0.064
xd[0] 0XEC3C y[0] 0X4E2D z[0] 0XFB8F
xf[1] 0.038 y[1] 1493.220 z[1] 16.820
xd[1] 0X940A y[1] 0X5900BAE4 z[1] 0X100A819
xf[2] 1342.177 y[2] 1493.172 z[2] 33.554
xd[2] 0X50000000 y[2] 0X59000000 z[2] 0X2000000
xf[3] 0.000 y[3] 0.000 z[3] 0.000
xd[3] 0 y[3] 0 z[3] 0
xf[4] 0.000 y[4] 0.000 z[4] 0.000
xd[4] 0 y[4] 0 z[4] 0
xf[5] 0.000 y[5] 0.000 z[5] 0.000
xd[5] 0 y[5] 0 z[5] 0
xf[6] 0.000 y[6] 0.000 z[6] 0.000
xd[6] 0 y[6] 0 z[6] 0
xf[7] 0.000 y[7] 0.000 z[7] 0.000
xd[7] 0 y[7] 0 z[7] 0
xf[8] 0.000 y[8] 0.000 z[8] 0.000
xd[8] 0 y[8] 0 z[8] 0
xf[9] 0.000 y[9] 0.000 z[9] 0.000
xd[9] 0 y[9] 0 z[9] 0

